M/D/n

print(p_vals12)
print(p_vals14)
print(p_vals24)

print(mean_waitsn1)
print(mean_waitsn2)
print(mean_waitsn4)
print(std_waitsn1)
print(std_waitsn2)
print(std_waitsn4)


[3.217994499223766e-203, 0.0, 0.0, 0.0, 0.0, 0.0, 0.0, 0.0, 0.0, 0.0, 0.0, 2.22659937e-315, 4.119142792003204e-272, 2.971050725377122e-238, 3.8058033979425965e-188, 1.078483863772423e-151, 2.5289401367128753e-132, 2.9307691818038646e-70, 7.900994043215816e-40, 3.756207639724182e-38]
[3.217994499223766e-203, 0.0, 0.0, 0.0, 0.0, 0.0, 0.0, 0.0, 0.0, 0.0, 0.0, 2.22659937e-315, 4.119142792003204e-272, 2.971050725377122e-238, 3.8058033979425965e-188, 1.078483863772423e-151, 2.5289401367128753e-132, 2.9307691818038646e-70, 7.900994043215816e-40, 3.756207639724182e-38]
[3.217994499223766e-203, 0.0, 0.0, 0.0, 0.0, 0.0, 0.0, 0.0, 0.0, 0.0, 0.0, 2.22659937e-315, 4.119142792003204e-272, 2.971050725377122e-238, 3.8058033979425965e-188, 1.078483863772423e-151, 2.5289401367128753e-132, 2.9307691818038646e-70, 7.900994043215816e-40, 3.756207639724182e-38]
[0.005070568241807984, 0.03309048813133218, 0.06490346138169588, 0.10012877645440467, 0.1387533948298653, 0.18487875418559885, 0.23766816357538773, 0.2998895938846596, 0.3663570478587356, 0.4635547885279758, 0.5629182520799967, 0.6968541239270217, 0.8661200374446854, 1.0830849172337706, 1.409045472136044, 1.9052641544730773, 2.63945972581257, 4.070240499505013, 7.577574299886591, 17.077659073149054]
[4.7734757859921995e-05, 0.0023953397597136854, 0.008162152761644892, 0.016941865509512186, 0.028601501957084007, 0.04514680819679693, 0.06489781773146965, 0.08855664214680588, 0.11907380399062573, 0.15846878759001903, 0.20589100614973094, 0.26474988374441283, 0.34920494986136663, 0.46179096832970024, 0.6124015922631876, 0.8520250025841877, 1.2218756610826635, 2.035615598997064, 3.676007091286411, 8.331377075060557]
[0.0, 2.6879009749042805e-05, 0.0002802399204898623, 0.0010571829207938865, 0.002863347458713599, 0.005763565909685256, 0.010726129092633615, 0.01830913976501159, 0.02795977773826523, 0.04228195191004713, 0.0599791327559263, 0.08689483135882344, 0.12260131371043471, 0.17174559194840705, 0.2461720786506592, 0.3563886214963033, 0.5352788377820514, 0.8743193744447219, 1.7293412463133502, 3.59270895186847]
[0.001839884881595513, 0.004986081103411828, 0.008208370956325033, 0.011398497992137583, 0.0143688402648807, 0.01903556219214451, 0.024724685762449846, 0.02884204701875147, 0.041563033454239715, 0.057234255569029176, 0.06650123193888564, 0.0852824537648568, 0.12669426181250226, 0.17432412228917601, 0.2798027101553333, 0.4575055683038777, 0.6711593593779073, 1.4609513840014912, 4.120994794476206, 9.786261180238691]
[0.00014417487849834938, 0.0011256113019850649, 0.0023354298998697945, 0.0036053666451179244, 0.0051414063946768965, 0.007917407803638466, 0.00951518790100297, 0.012824144332993318, 0.017022578907546753, 0.025427310418052813, 0.03096917488154315, 0.043825571707116304, 0.055231905728173776, 0.08376631972869321, 0.14572018825492786, 0.21684625794830512, 0.3630094299433899, 0.9271819726184695, 2.3379469522717278, 4.7992634066830755]
[0.0, 9.51004397712578e-05, 0.0003915953965141755, 0.0007771786064896986, 0.0014093928265280556, 0.0022821174228772004, 0.003244922380675054, 0.005462410974508353, 0.006672321927672663, 0.010051033556028677, 0.01214326554831313, 0.01858706775963442, 0.026144997817952768, 0.04179411375050342, 0.05870407776735521, 0.1032229985111942, 0.17595914349428704, 0.3394969774924021, 1.0165164571976735, 2.1853163243276295]