print(p_vals12)
print(p_vals14)
print(p_vals24)
print(p_vals11p)
print(p_vals21p)
print(p_vals41p)
print(mean_waitsn1)
print(mean_waitsn2)
print(mean_waitsn4)
print(mean_waitsn1p)
print(std_waitsn1)
print(std_waitsn2)
print(std_waitsn4)
print(std_waitsn1p)

[2.695962732426887e-158, 9.549438665368e-310, 0.0, 0.0, 0.0, 0.0, 0.0, 5.54758245e-315, 3.0144937042905337e-297, 2.8965411725827526e-278, 2.991122109036663e-256, 1.3853801201725955e-211, 1.288248304885451e-202, 8.33645791440419e-169, 8.281895974754693e-128, 2.2882379949956913e-111, 5.774282399266533e-72, 3.2237896888490617e-38, 8.121201953211866e-36, 3.23544151822372e-33]
[2.695962732426887e-158, 9.549438665368e-310, 0.0, 0.0, 0.0, 0.0, 0.0, 5.54758245e-315, 3.0144937042905337e-297, 2.8965411725827526e-278, 2.991122109036663e-256, 1.3853801201725955e-211, 1.288248304885451e-202, 8.33645791440419e-169, 8.281895974754693e-128, 2.2882379949956913e-111, 5.774282399266533e-72, 3.2237896888490617e-38, 8.121201953211866e-36, 3.23544151822372e-33]
[2.695962732426887e-158, 9.549438665368e-310, 0.0, 0.0, 0.0, 0.0, 0.0, 5.54758245e-315, 3.0144937042905337e-297, 2.8965411725827526e-278, 2.991122109036663e-256, 1.3853801201725955e-211, 1.288248304885451e-202, 8.33645791440419e-169, 8.281895974754693e-128, 2.2882379949956913e-111, 5.774282399266533e-72, 3.2237896888490617e-38, 8.121201953211866e-36, 3.23544151822372e-33]
[0.1508980437503444, 0.03941419295953085, 0.00011786615844287565, 5.721214678652179e-15, 1.4499795149152583e-27, 5.713068331778594e-41, 1.807842110337094e-51, 1.2027101840182657e-62, 6.641216096485282e-87, 3.863071968767917e-96, 8.12715850642049e-106, 1.311729385975549e-113, 3.5330320927076287e-122, 9.224962693880225e-120, 1.0720114283993357e-102, 2.6684851829508447e-101, 1.4565416596354484e-85, 1.1415614313437653e-60, 1.975469330166055e-59, 5.005831141291277e-71]
[3.3160003806108744e-159, 0.0, 0.0, 0.0, 0.0, 0.0, 0.0, 2.8167384378232567e-308, 3.874132563515978e-308, 3.8969728631402727e-266, 9.945975979987815e-226, 5.782286559922364e-169, 1.4026604112261067e-117, 9.618369615463798e-68, 7.760168401393996e-28, 3.24755317375484e-07, 0.10212160866502654, 5.587226805585175e-08, 3.1484213540411677e-15, 1.4617573156329348e-31]
[6.3190235603995446e-161, 0.0, 0.0, 0.0, 0.0, 0.0, 0.0, 0.0, 0.0, 0.0, 0.0, 0.0, 0.0, 7.860765829476324e-297, 6.165799528979664e-241, 8.238013674049727e-149, 5.1007657742401545e-89, 1.0217399233900236e-49, 1.527283090173657e-14, 0.009437664687886418]
[0.009819723466839228, 0.06526470715389998, 0.12856315518133624, 0.20260858258750875, 0.28313966589737344, 0.36912198872029606, 0.4768065012696211, 0.596005964470497, 0.7446596696049956, 0.9096353364980129, 1.1288703520574916, 1.419871967512533, 1.7055154199902778, 2.1809478578718715, 2.760524638491215, 3.663467864091204, 5.190909614618498, 7.754770481061735, 13.233361212337632, 23.172764521345492]
[7.836954947110675e-05, 0.003913988408005686, 0.012683579500336361, 0.027901528093085368, 0.05106923673361858, 0.07951588980153969, 0.11601371040764796, 0.16339145193459997, 0.22283636434730122, 0.2959243019629074, 0.3904850839213095, 0.5163650626008656, 0.671721326848805, 0.9068274675318317, 1.1792106619096216, 1.5971958813938447, 2.3701589751652397, 3.7725637156848792, 6.046163881531111, 11.766383458336659]
[0.0, 5.1324886584369164e-05, 0.00038333997658865154, 0.0014887487969563362, 0.004305240235923867, 0.00905779034306737, 0.017880054630788456, 0.029382219204324246, 0.04568065255506165, 0.07340460543942996, 0.10916066468176332, 0.16031894609332017, 0.22978952635698818, 0.31578236289338435, 0.4537604322274827, 0.6895622321289041, 1.0412709929728503, 1.6348327871922088, 2.8918481364818995, 5.683615607640324]
[0.010363211295831084, 0.06314864905904435, 0.12246473304933188, 0.1843955176391973, 0.24659035685832842, 0.31462486685433605, 0.39461696085903536, 0.47739564113300087, 0.5651036302505394, 0.665719736692256, 0.7872415264042926, 0.9094969439361165, 1.0631913614278232, 1.2487853551789039, 1.4702059554078812, 1.804370014225266, 2.2499152226071533, 2.9638435040288624, 4.089137139250804, 6.400441849812635]
[0.00450482731305885, 0.01368449088825832, 0.020674655081472173, 0.030524430072804646, 0.04480557810868243, 0.052934156841424954, 0.06861150817345948, 0.08918297910743309, 0.11618048151453889, 0.1469276683423548, 0.19423482516057397, 0.2896560092115825, 0.3371205406306957, 0.5084251362135206, 0.8018944004774414, 1.1496030580914467, 2.0921674616145727, 4.370768529316625, 8.491353914676226, 13.836128824695967]
[0.00028539167805707925, 0.002670567927157011, 0.004720647689917224, 0.007518902763069192, 0.013783963787403902, 0.018358499229680206, 0.026754898599592077, 0.03595634931638793, 0.04636540834284323, 0.06263766039130898, 0.08453031333093805, 0.13311915620296955, 0.17743703076279285, 0.22935330622769884, 0.35035916173382414, 0.5438302452713691, 1.0943512836903295, 2.3394777279854164, 3.7971333694171188, 6.849989085275574]
[0.0, 0.00019731591425515665, 0.0006011688432468483, 0.0014404480021444086, 0.002993585553516077, 0.005598771030344944, 0.007632306094082471, 0.010734878697611755, 0.016189565563199573, 0.025898185693554728, 0.0365042581322297, 0.05651837655909823, 0.07636112117812928, 0.11864097310000465, 0.17137238150828746, 0.33428061763797307, 0.5921440610565218, 0.9994398747507922, 1.9630322743941293, 3.6791059156151857]
[0.004733338850756252, 0.011264891607540762, 0.017682859213794325, 0.02472792951417806, 0.03227244662164181, 0.037828534802215395, 0.05069887842576525, 0.06215745079254159, 0.06311807206442797, 0.07988897103056734, 0.09994539843732227, 0.10884461534075154, 0.14822406407783154, 0.19006910110872138, 0.2613727381628931, 0.4300613604795627, 0.6444417578458639, 0.9938735043214322, 1.7449923448431397, 3.0196726369633597]
