0.0, 2986.0449934814437
0.0, 2897.581881161897
0.0, 2844.0054256793755
0.0, 2872.462232639137
0.0, 2923.2829264586517
0.0, 2886.3238485675497
0.0, 2881.9333627921133
0.0, 2883.2324849076476
0.0, 2835.7725378587425
0.0, 2838.4004611419678
0.0, 2805.497372199559
0.0, 2856.060025818952
0.0, 2930.5471477445526
0.0, 2835.725461340256
0.0, 2772.1141895898973
0.0, 2941.1592598232724
0.0, 2879.27620861332
0.0, 2904.623099113218
0.0, 3028.060501417578
0.0, 2827.0911721043904
0.0, 2896.6737013313623
0.0, 2926.439784894308
0.0, 2869.014364220158
0.095, 2865.883362851182
0.095, 2811.1350928136653
0.095, 2815.895637455042
0.095, 2840.3443239785456
0.095, 2840.2351746144536
0.095, 2868.197663364965
0.095, 2895.540766422723
0.095, 2849.5469419582846
0.095, 2777.3731064331296
0.095, 2882.8501602655683
0.095, 2785.7743162637357
0.095, 2826.91828417816
0.095, 2813.7406855835507
0.095, 2869.9558873244823
0.095, 2839.38910752925
0.095, 2948.673071024716
0.095, 2946.3477423208437
0.095, 2873.6585122907263
0.095, 2826.402597905063
0.095, 2721.500361040886
0.19, 2871.575395824612
0.19, 2909.8509674010725
0.19, 2838.4597650561855
0.19, 2818.8986897111445
0.19, 2751.2567594086854
0.19, 2865.2014879968356
0.19, 2894.8039092816434
0.19, 2860.4501183085135
0.19, 2790.64091496278
0.19, 2862.6951774925174
0.19, 2805.8403562697004
0.19, 2945.125156916884
0.19, 2887.3641569666675
0.19, 2885.0279368276797
0.19, 2828.1395085541794
0.19, 2835.6912507594225
0.19, 2887.5757830313487
0.19, 2825.673310087968
0.19, 2871.7659304145923
0.19, 2895.7624271867876
0.28500000000000003, 2899.6293905108582
0.28500000000000003, 2836.684234452372
0.28500000000000003, 2862.564592679767
0.28500000000000003, 2777.4606549659984
0.28500000000000003, 2848.3399672733235
0.28500000000000003, 2744.7999888642607
0.28500000000000003, 2860.9849096708263
0.28500000000000003, 2815.650255536733
0.28500000000000003, 2809.7431237172245
0.28500000000000003, 2902.4583487830378
0.28500000000000003, 2823.817732789069
0.28500000000000003, 2838.0955935481693
0.28500000000000003, 2882.725548792653
0.28500000000000003, 2823.455804021168
0.28500000000000003, 2758.5483306836827
0.28500000000000003, 2804.8890357082787
0.28500000000000003, 2844.2505962814057
0.28500000000000003, 2898.348241899785
0.28500000000000003, 2855.3145188379576
0.28500000000000003, 2805.7262576163757
0.38, 2845.7810419454127
0.38, 2728.015718952004
0.38, 2855.6894782075196
0.38, 2919.0468387324586
0.38, 2955.054658025885
0.38, 2807.2252319834874
0.38, 2803.298094739836
0.38, 2932.384153053752
0.38, 2928.4483386450283
0.38, 2779.828564261828
0.38, 2949.6032537195683
0.38, 2904.7187556204512
0.38, 2864.803465391383
0.38, 2835.5060476568947
0.38, 2846.1920161686403
0.38, 2878.6806765973297
0.38, 2769.1010907587442
0.38, 2837.567264387124
0.38, 2801.7699139734095
0.38, 2861.7116810815746
0.475, 2834.2721752910275
0.475, 2799.1295700180594
0.475, 2853.128857460723
0.475, 2869.603599472517
0.475, 2864.472832029682
0.475, 2767.4463880760186
0.475, 2762.6848882143963
0.475, 2851.3596695550605
0.475, 2914.6080771475595
0.475, 2824.9977072814745
0.475, 2824.6252871372676
0.475, 2816.620083276888
0.475, 2906.9559066872616
0.475, 2899.9110343085217
0.475, 2877.464143322138
0.475, 2814.7199884751312
0.475, 2900.363078818584
0.475, 2806.6954313135166
0.475, 2848.6221445182796
0.475, 2880.2118523675535
0.5700000000000001, 2851.0840525056906
0.5700000000000001, 2909.1565034038745
0.5700000000000001, 2822.2280486723416
0.5700000000000001, 2856.938865408459
0.5700000000000001, 2678.7763432334864
0.5700000000000001, 2801.6555997064315
0.5700000000000001, 2782.156758690724
0.5700000000000001, 2967.5027039599854
0.5700000000000001, 2874.83694315294
0.5700000000000001, 2874.6287629562103
0.5700000000000001, 2793.4378031815104
0.5700000000000001, 2871.266160010557
0.5700000000000001, 2678.763280065738
0.5700000000000001, 2776.10198013217
0.5700000000000001, 2813.413543430996
0.5700000000000001, 2906.295366819177
0.5700000000000001, 2808.0122080824854
0.5700000000000001, 2902.2544111507673
0.5700000000000001, 2847.953007610017
0.5700000000000001, 2837.621007829527
0.665, 2836.426298481886
0.665, 2816.0961454328835
0.665, 2972.32376075269
0.665, 2731.1133481572706
0.665, 2739.699211894409
0.665, 2754.772567798876
0.665, 2777.1604159951044
0.665, 2834.344215270342
0.665, 2827.21356658508
0.665, 2910.1725552209837
0.665, 2879.436531918139
0.665, 2834.1319212782137
0.665, 2943.3335876625356
0.665, 2832.016452805386
0.665, 2866.1975812634196
0.665, 2871.414378893656
0.665, 2827.89808271162
0.665, 2868.5946075789598
0.665, 2855.2186819906246
0.665, 2941.2049318990335
0.76, 2792.248575112331
0.76, 2815.764809022624
0.76, 2866.65388023201
0.76, 2876.5758160225378
0.76, 2819.088420511357
0.76, 2801.5902447910653
0.76, 2884.432086036789
0.76, 2894.126964711099
0.76, 2932.8526350144493
0.76, 2892.8945465366714
0.76, 2879.928165295189
0.76, 2802.866473440327
0.76, 2805.5096972707297
0.76, 2842.3600388462983
0.76, 2834.562791622517
0.76, 2873.3610472403802
0.76, 2773.6051195966975
0.76, 2876.5628831004647
0.76, 2950.262262309765
0.76, 2820.137129902539
0.855, 2836.609172178182
0.855, 2888.4581103984547
0.855, 2918.187687677843
0.855, 2700.0809376243574
0.855, 2833.190485040535
0.855, 2867.7029110160784
0.855, 2903.484938150637
0.855, 2766.420183677027
0.855, 2901.8358077853163
0.855, 2979.9920950265637
0.855, 2902.554867986608
0.855, 2795.1810892912677
0.855, 2820.2580309243235
0.855, 2967.3954795778777
0.855, 2872.218838395919
0.855, 2845.7226898814497
0.855, 2805.3577524491284
0.855, 2810.8631774809464
0.855, 2860.7231019919045
0.855, 2833.475551213267
0.95, 2827.1899514943943
0.95, 3005.3674693293005
0.95, 2869.3220423856674
0.95, 2855.0084825092135
0.95, 2818.5934333519085
0.95, 2798.6752372560977
0.95, 2869.914091189633
0.95, 2946.1406777862553
0.95, 2883.3897775054998
0.95, 2794.182414679993
0.95, 2895.3047421181946
0.95, 2834.8283644655594
0.95, 2775.504379926497
0.95, 2912.2174106391394
0.95, 2867.6255843021513
0.95, 2890.210817818905
0.95, 2836.7775949394563
0.95, 2816.7916414082956
0.95, 2798.220201863113
0.95, 2845.058398410121
0.0, 2834.4253073288296
0.0, 2942.541118065877
0.0, 2826.271000323419
0.0, 2928.7161424949372
0.0, 2790.115823028645
0.0, 2922.678363514658
0.0, 2898.846325315026
0.0, 2948.8578251837193
0.0, 2795.142736215708
0.0, 2896.8808353116674
0.0, 2776.0040769125335
0.0, 2752.57771984675
0.0, 2888.510594632761
0.0, 2749.416402544156
0.0, 2869.3679467672423
0.0, 2933.318128390295
0.0, 2878.695960792108
0.0, 2943.249878161008
0.0, 2777.457469270664
0.0, 2866.2552035938807
0.0, 2817.841479734054
0.0, 2857.405450185973
0.0, 2907.290991139172
0.0, 2847.8411702712906
0.0, 2820.846354856438
0.0, 2764.8420919415835
0.0, 2900.3504751832147
0.0, 2781.1448516819205
0.0, 2872.713363550985
0.0, 2787.7329026247157
0.0, 2860.7752528174947
0.0, 2891.9232524419385
0.0, 2871.927724948111
0.0, 2898.5289925205725
0.0, 2799.829456520787
0.0, 2809.43881921076
0.0, 2734.736275566602
0.0, 2926.63808312708
0.0, 2855.4712591985685
0.0, 2960.383439378682
0.0, 2905.287440752101
0.0, 2947.683664920938
0.0, 2780.274332560443
0.0, 2878.3122128867913
0.0, 3010.2391395547393
0.0, 2839.5256520514527
0.0, 2956.6024892363525
0.0, 2912.6914348185346
0.0, 2771.199511142099
0.0, 2742.8174482166573
0.0, 2933.0439844075904
0.0, 2831.7806921411607
0.0, 2886.102143688278
0.0, 2929.5028690568747
0.0, 2903.030016837663
0.0, 2848.3673680681786
0.0, 2881.5402865205556
0.0, 2830.9766963923157
0.0, 2807.422150681151
0.0, 2826.610670491009
0.0, 2777.311097988888
0.0, 2900.4559669546957
0.0, 2840.3856343150887
0.0, 2838.151791881557
0.0, 2888.0748591098286
0.0, 2886.3293650651503
0.0, 2857.374698895025
0.0, 2776.5583409293963
0.0, 2843.0938358391713
0.0, 2929.070327889446
0.0, 2863.6674683756073
0.0, 2850.0090124212206
0.0, 2835.0739963209217
0.0, 3022.1425029502325
0.0, 2861.5633433572334
0.0, 2926.2619389124375
0.0, 2835.140185083648
0.0, 2874.539752761063
0.0, 2833.690445356038
0.0, 2858.5301195709426
0.095, 2861.2504642566855
0.095, 2856.066772527724
0.095, 2909.1282914893786
0.095, 2904.0777926730407
0.095, 2856.288738002912
0.095, 2903.6835517713253
0.095, 2828.8155180936255
0.095, 2792.9762649587256
0.095, 2756.440651971506
0.095, 2839.9046654731296
0.095, 2858.604340756718
0.095, 2989.5604927972786
0.095, 2913.9078582461993
0.095, 2806.0955203186404
0.095, 2920.866186533696
0.095, 2829.342143594518
0.095, 3033.592602153628
0.095, 2824.078112167284
0.095, 2972.123892163009
0.095, 2967.5784282354944
0.095, 2841.758680052496
0.095, 2862.080303091778
0.095, 2796.09202506818
0.095, 2855.37327710089
0.095, 2823.5590996862857
0.095, 2891.0371205854776
0.095, 2844.283263618032
0.095, 2895.148013041603
0.095, 2837.849535710298
0.095, 2821.177139034873
0.095, 3001.4753082727584
0.095, 2964.2009862537348
0.095, 2792.8907803251163
0.095, 2783.999427964656
0.095, 2831.8953064631696
0.095, 2936.093739331731
0.095, 3017.0196943534665
0.095, 2887.887793075242
0.095, 2819.1889807292664
0.095, 2802.000534581726
0.095, 2850.50961216866
0.095, 2857.169626273209
0.095, 2859.2565948602437
0.095, 2839.5564338388076
0.095, 2775.586393068572
0.095, 2840.8653532620992
0.095, 2834.7506435103046
0.095, 2933.70969096152
0.095, 2817.502704452965
0.095, 2822.979940967106
0.095, 2847.8102855751144
0.095, 2806.8926763006784
0.095, 2796.7517202301538
0.095, 2814.5054516884065
0.095, 2869.546098885283
0.095, 2833.907258179873
0.095, 2942.3842028776007
0.095, 2868.1308524582805
0.095, 2876.741553043844
0.095, 2817.4778639159185
0.095, 2863.9320817276575
0.095, 2992.247634979577
0.095, 2877.3605689307087
0.095, 2971.077445983732
0.095, 2917.1106667948657
0.095, 2746.5836371089054
0.095, 2802.1195288313534
0.095, 2870.4714072259003
0.095, 2809.0809120921595
0.095, 2901.7810663290843
0.095, 2912.5962740248638
0.095, 2887.8783859117607
0.095, 2854.996042985574
0.095, 2845.2703261794704
0.095, 2842.9455677975207
0.095, 2861.9893024275293
0.095, 2853.9791932795283
0.095, 2795.55912512653
0.095, 2821.212690526379
0.095, 2876.597111932204
0.19, 2932.0577790466677
0.19, 2847.326405861071
0.19, 2840.0814850323736
0.19, 2893.2266723979596
0.19, 2862.4151999372207
0.19, 2950.4278271820776
0.19, 2856.2985803725232
0.19, 2944.427499457212
0.19, 2824.370368796233
0.19, 2892.5860691402177
0.19, 2941.31173473738
0.19, 2793.446689117738
0.19, 2858.189097844557
0.19, 2920.8710577664356
0.19, 2840.041187442194
0.19, 2815.552721723189
0.19, 2831.437723706404
0.19, 2969.1717375479593
0.19, 2932.60434750305
0.19, 2917.604908821691
0.19, 2965.2502046060517
0.19, 2880.341768589771
0.19, 2904.198465548405
0.19, 2916.7891926470643
0.19, 2866.1084441775547
0.19, 2757.445615360299
0.19, 2943.4121831545444
0.19, 2810.3119460071343
0.19, 2799.3426149978077
0.19, 2833.727375727777
0.19, 2897.469582418881
0.19, 2868.2513109982838
0.19, 2846.8469194784284
0.19, 2853.907856300754
0.19, 2807.2536707459176
0.19, 2801.6147439586484
0.19, 2784.395011533641
0.19, 2816.6355487770375
0.19, 2876.7151544193034
0.19, 2817.718950109773
0.19, 2855.4940422786485
0.19, 2790.879557413379
0.19, 2895.954747695378
0.19, 2779.850237972117
0.19, 2782.2719997665854
0.19, 2861.023837286769
0.19, 2849.995004943664
0.19, 2867.3308636674437
0.19, 2820.467597140485
0.19, 2934.860901068553
0.19, 2805.333976992388
0.19, 2831.016051909504
0.19, 2897.760253916696
0.19, 2959.919662494048
0.19, 2906.7586163730293
0.19, 2803.6575830334427
0.19, 2801.5308799126096
0.19, 2802.809943685903
0.19, 2844.901786135949
0.19, 2882.4067944235644
0.19, 2819.3373694489264
0.19, 2872.21818563686
0.19, 2869.88789141574
0.19, 2871.461566131668
0.19, 2806.2645919199676
0.19, 2928.7080856113353
0.19, 2827.955076131641
0.19, 2874.3227424137835
0.19, 2846.93732255732
0.19, 2750.1018341031645
0.19, 2685.8197499139046
0.19, 2842.393619615502
0.19, 2787.499351603526
0.19, 2757.388193242762
0.19, 2809.6963223263097
0.19, 2895.433861523553
0.19, 2827.1913681888586
0.19, 2900.713663658772
0.19, 2844.039025524533
0.19, 2848.176267975402
0.28500000000000003, 2888.800567835669
0.28500000000000003, 2965.819420070072
0.28500000000000003, 2923.319267326867
0.28500000000000003, 2789.016672609144
0.28500000000000003, 2849.572927843652
0.28500000000000003, 2753.0944585292277
0.28500000000000003, 2879.0366780617446
0.28500000000000003, 2737.1153747131784
0.28500000000000003, 2871.826577959177
0.28500000000000003, 2870.897997075362
0.28500000000000003, 2908.5876024058084
0.28500000000000003, 2739.8825597102727
0.28500000000000003, 2798.562239005356
0.28500000000000003, 2816.533192533647
0.28500000000000003, 2923.477756305287
0.28500000000000003, 2868.014082601022
0.28500000000000003, 2912.0424220016334
0.28500000000000003, 2984.8431312299717
0.28500000000000003, 2887.4601344278994
0.28500000000000003, 2852.139164559296
0.28500000000000003, 2891.9494371372693
0.28500000000000003, 2874.4976665524036
0.28500000000000003, 2902.6176798413203
0.28500000000000003, 2863.429452973854
0.28500000000000003, 2719.8978922535284
0.28500000000000003, 2799.8648584179214
0.28500000000000003, 2940.8896321721504
0.28500000000000003, 2932.268479119249
0.28500000000000003, 2820.7848478428505
0.28500000000000003, 2868.956432566848
0.28500000000000003, 2880.512989979076
0.28500000000000003, 2850.0150199792242
0.28500000000000003, 2948.507701718169
0.28500000000000003, 2886.077122446711
0.28500000000000003, 2854.4097315461713
0.28500000000000003, 2855.0538150941984
0.28500000000000003, 2904.3268033055
0.28500000000000003, 2855.867610828525
0.28500000000000003, 2977.898132714327
0.28500000000000003, 2867.714026574156
0.28500000000000003, 2780.412092661879
0.28500000000000003, 2807.317205056923
0.28500000000000003, 2875.910845995923
0.28500000000000003, 2784.8235646385456
0.28500000000000003, 2815.9030499949235
0.28500000000000003, 2897.3393305326226
0.28500000000000003, 2704.493293269725
0.28500000000000003, 2843.2678181455994
0.28500000000000003, 2823.5809331511355
0.28500000000000003, 2770.928986322687
0.28500000000000003, 2795.3577007231065
0.28500000000000003, 2839.464220993663
0.28500000000000003, 2852.1121698584066
0.28500000000000003, 2792.1784291795843
0.28500000000000003, 2803.110335637357
0.28500000000000003, 2888.9867496925804
0.28500000000000003, 2958.705285600331
0.28500000000000003, 2926.576799708908
0.28500000000000003, 2964.3226086612804
0.28500000000000003, 2815.030266316648
0.28500000000000003, 2872.7948745189333
0.28500000000000003, 2804.9675742037452
0.28500000000000003, 2916.112470254859
0.28500000000000003, 2867.052155127106
0.28500000000000003, 2929.811247949503
0.28500000000000003, 2754.389402356605
0.28500000000000003, 2829.9371330936933
0.28500000000000003, 2867.591628463323
0.28500000000000003, 2854.5973204512784
0.28500000000000003, 2841.803991444473
0.28500000000000003, 2943.2090191019033
0.28500000000000003, 2848.837201134425
0.28500000000000003, 2894.10256337013
0.28500000000000003, 2893.899624240711
0.28500000000000003, 2919.7331205712635
0.28500000000000003, 2814.4707981788533
0.28500000000000003, 2979.9147217013324
0.28500000000000003, 2796.5484500109933
0.28500000000000003, 2849.815294675112
0.28500000000000003, 2849.0280306647446
0.38, 2853.7533595294835
0.38, 2717.870759281616
0.38, 2872.002990235553
0.38, 2889.3904893605823
0.38, 2769.2499795503395
0.38, 2915.245158838356
0.38, 2804.656523251305
0.38, 2828.788060370323
0.38, 2904.479559885117
0.38, 2895.6772083691158
0.38, 2877.1046817887336
0.38, 2803.0797854013404
0.38, 2812.868539607817
0.38, 2827.3167399765675
0.38, 2799.8949115315327
0.38, 2891.6575969641676
0.38, 3024.6269845138136
0.38, 2891.5500642709508
0.38, 2938.8567803811557
0.38, 2814.9871436377775
0.38, 2809.7014954699516
0.38, 2835.5473194528868
0.38, 2927.516903501615
0.38, 2814.6864820017063
0.38, 2752.019158872489
0.38, 2823.949631701863
0.38, 2875.460812599325
0.38, 2768.840415742869
0.38, 2954.671137395955
0.38, 2875.9899388330837
0.38, 2863.6575892313713
0.38, 2872.729105350906
0.38, 2839.8780039886606
0.38, 2839.682322315358
0.38, 2824.1926238858664
0.38, 2935.8547832081963
0.38, 2825.3036864354317
0.38, 2793.7188382022073
0.38, 2809.474941969821
0.38, 2945.667714126766
0.38, 2898.062383323116
0.38, 2828.6471281753484
0.38, 2867.9526875952556
0.38, 2836.7858174788034
0.38, 2721.165404325263
0.38, 2948.0134500124177
0.38, 2865.7289707516693
0.38, 2877.5478362465283
0.38, 2792.2349482635377
0.38, 2873.1351434444687
0.38, 2849.408707327916
0.38, 2904.939104486342
0.38, 2975.83477943848
0.38, 2789.8725614488403
0.38, 2866.4053389364944
0.38, 2720.094252890191
0.38, 2880.3382292907877
0.38, 2893.685222025163
0.38, 2885.0115092373912
0.38, 2860.7695580111094
0.38, 2817.6264357371965
0.38, 2937.731976145217
0.38, 2850.1616257463943
0.38, 2857.7657165245214
0.38, 2857.9752196099284
0.38, 2919.8679523573746
0.38, 2735.309244106847
0.38, 2779.6354725155843
0.38, 2855.654193846704
0.38, 2896.952062860996
0.38, 2827.351965525273
0.38, 2832.7728848205825
0.38, 2805.1757490234395
0.38, 2721.3496493580947
0.38, 2865.4645048333828
0.38, 2788.816951997621
0.38, 2821.724633994069
0.38, 2956.9145290867905
0.38, 2780.5812035865824
0.38, 2867.329656690621
0.475, 2867.437483655977
0.475, 2833.2356678021474
0.475, 2919.8740820098537
0.475, 2808.9328447436665
0.475, 2868.2907609212198
0.475, 2961.2913612482985
0.475, 2872.6022408353724
0.475, 2836.156749532225
0.475, 2883.8286954008827
0.475, 2829.328317493208
0.475, 2816.4694057398606
0.475, 2841.48048095414
0.475, 2888.8726435759754
0.475, 2886.1839660470405
0.475, 2896.009564468333
0.475, 2867.2391021224466
0.475, 2907.1516846096188
0.475, 2818.3285964631946
0.475, 2868.8677555980425
0.475, 2912.4530571825057
0.475, 2841.4694874729257
0.475, 2805.2023803707716
0.475, 2858.8411363623923
0.475, 2837.886860047314
0.475, 2774.613602886079
0.475, 2819.1967028396116
0.475, 2803.3148506471543
0.475, 2873.9341110326977
0.475, 2921.3016584390552
0.475, 2847.1571860668305
0.475, 2821.166131303488
0.475, 2812.97964641
0.475, 2828.926429694554
0.475, 2802.004081340831
0.475, 2931.7201136636495
0.475, 2730.6720978461535
0.475, 2796.158850448537
0.475, 2924.592813588769
0.475, 2813.863428231071
0.475, 2805.4995162485793
0.475, 2766.7011126550233
0.475, 2913.9739052996406
0.475, 2835.5484376416375
0.475, 2925.3336723870098
0.475, 2857.8045263707263
0.475, 2945.322627622506
0.475, 2917.488479639216
0.475, 2898.407102614106
0.475, 2870.664974949623
0.475, 2905.916544986787
0.475, 2894.6929844816477
0.475, 2828.8876479272367
0.475, 2959.424204086637
0.475, 2905.5102914288227
0.475, 2834.8295638654504
0.475, 2834.2095605798954
0.475, 2854.4765960015625
0.475, 2759.586172740359
0.475, 2873.188160268875
0.475, 2922.133860690295
0.475, 2850.620663235868
0.475, 3014.5175880697698
0.475, 2876.863411928344
0.475, 2836.4710855702556
0.475, 2973.074208143068
0.475, 2846.4701719295117
0.475, 2805.909521254729
0.475, 2835.2950789268025
0.475, 2835.578660676156
0.475, 2812.4346911309976
0.475, 2871.500430095815
0.475, 2814.7184311512888
0.475, 2828.4843734966485
0.475, 2833.7597872656806
0.475, 2923.425121332034
0.475, 2839.4409975130166
0.475, 2817.8376224700614
0.475, 2858.7845267122334
0.475, 2810.827044226598
0.475, 2931.5646997097424
0.5700000000000001, 2862.8962927658954
0.5700000000000001, 2819.468928331496
0.5700000000000001, 2836.486437936224
0.5700000000000001, 2890.5138106398963
0.5700000000000001, 2807.4330226092993
0.5700000000000001, 2883.682025400307
0.5700000000000001, 2855.2971580842195
0.5700000000000001, 2926.2991881907706
0.5700000000000001, 2831.766315777894
0.5700000000000001, 2901.8096306621605
0.5700000000000001, 2849.38794269108
0.5700000000000001, 2836.131212908281
0.5700000000000001, 2877.0969203157943
0.5700000000000001, 2840.161608113749
0.5700000000000001, 2818.8607714655504
0.5700000000000001, 2899.3913204895475
0.5700000000000001, 2856.608712403455
0.5700000000000001, 2726.387768523073
0.5700000000000001, 2788.1945689660793
0.5700000000000001, 2835.0105397052525
0.5700000000000001, 2849.4082231583907
0.5700000000000001, 2851.088804365137
0.5700000000000001, 2913.631680309829
0.5700000000000001, 2891.9020427103715
0.5700000000000001, 2844.5612211313587
0.5700000000000001, 2780.201811341553
0.5700000000000001, 2803.426473231359
0.5700000000000001, 2774.0748407499595
0.5700000000000001, 2782.9030354996703
0.5700000000000001, 2804.7469681069406
0.5700000000000001, 2906.306664211678
0.5700000000000001, 2893.9622710254325
0.5700000000000001, 2809.131176786511
0.5700000000000001, 2843.7652585562587
0.5700000000000001, 2914.3758510963385
0.5700000000000001, 2878.6551136426037
0.5700000000000001, 2899.682919940925
0.5700000000000001, 2863.5185120335573
0.5700000000000001, 2813.159381067169
0.5700000000000001, 2821.0337280918534
0.5700000000000001, 2921.8067728405313
0.5700000000000001, 2828.438999012736
0.5700000000000001, 2817.1327796519267
0.5700000000000001, 2838.8875540284052
0.5700000000000001, 2793.5501873398052
0.5700000000000001, 2879.33929307173
0.5700000000000001, 2830.736521532164
0.5700000000000001, 2908.9407362999987
0.5700000000000001, 2917.9574181650596
0.5700000000000001, 2791.4470059670116
0.5700000000000001, 2852.6232884651604
0.5700000000000001, 2790.6124067973874
0.5700000000000001, 2918.844079389523
0.5700000000000001, 2862.904168074444
0.5700000000000001, 2689.0066478646236
0.5700000000000001, 2696.239306789916
0.5700000000000001, 2829.230385979736
0.5700000000000001, 2831.999393522261
0.5700000000000001, 2933.4362896345183
0.5700000000000001, 2910.453882400892
0.5700000000000001, 2851.3669825153975
0.5700000000000001, 2810.2069453140666
0.5700000000000001, 2857.498616136378
0.5700000000000001, 2826.9953560166214
0.5700000000000001, 2792.194822679411
0.5700000000000001, 2788.748679079271
0.5700000000000001, 2900.271735609283
0.5700000000000001, 2891.2855703273553
0.5700000000000001, 2827.9176418053285
0.5700000000000001, 2785.1456207292595
0.5700000000000001, 2856.022489299334
0.5700000000000001, 2908.0578541161585
0.5700000000000001, 2893.999921766052
0.5700000000000001, 2919.947595724733
0.5700000000000001, 2785.1483763683136
0.5700000000000001, 2828.3366407766025
0.5700000000000001, 2768.4084233054764
0.5700000000000001, 2820.3505503340493
0.5700000000000001, 2828.965216088774
0.5700000000000001, 2885.640365683124
0.665, 2950.0718347339034
0.665, 2831.7841492133916
0.665, 2894.9175710437667
0.665, 2794.8411575938694
0.665, 2787.8155835376638
0.665, 2854.142353546806
0.665, 2942.422083424119
0.665, 2783.5320945795147
0.665, 2808.8143570822494
0.665, 2881.5354661224956
0.665, 2961.591960879682
0.665, 2872.7333508143165
0.665, 2808.4325024484083
0.665, 2908.7993631281984
0.665, 2763.6403296642316
0.665, 2866.058571543106
0.665, 3043.5239569078576
0.665, 2915.209894456548
0.665, 2877.3018083031884
0.665, 2834.342097085033
0.665, 2874.0282023216782
0.665, 2833.7444030064835
0.665, 2915.678874460254
0.665, 2858.775881181008
0.665, 2826.5120884848548
0.665, 2768.389721377428
0.665, 2804.2889197709624
0.665, 2784.231111852738
0.665, 2962.547201759384
0.665, 2942.4018842773858
0.665, 2922.867974393268
0.665, 2933.9696249578724
0.665, 2858.9749006733678
0.665, 2855.466255106217
0.665, 2823.882715362372
0.665, 2844.528282395702
0.665, 2834.7318931072778
0.665, 2829.869388497123
0.665, 2731.769825317707
0.665, 2830.935608309634
0.665, 2840.8613484095167
0.665, 2796.8516687186616
0.665, 2941.6932274189876
0.665, 2788.0985853008115
0.665, 2838.3583856682103
0.665, 2885.2706291853465
0.665, 2836.131206702996
0.665, 2863.0327079338585
0.665, 2898.789292211535
0.665, 2795.3326278564314
0.665, 2879.9309989110825
0.665, 2879.0649306676664
0.665, 2820.8531001106194
0.665, 2924.5473655971928
0.665, 2864.347542814502
0.665, 2896.8647610216726
0.665, 2797.7501461211086
0.665, 2853.8799362385225
0.665, 2898.0455651044745
0.665, 2919.469277579564
0.665, 2870.154399590771
0.665, 2764.364429253153
0.665, 2785.6082536786107
0.665, 2938.197808322246
0.665, 2773.5209653287584
0.665, 2925.8816457408
0.665, 2811.1634783773848
0.665, 2813.739158652772
0.665, 2771.742051409026
0.665, 2786.3045357445867
0.665, 2787.8801763619845
0.665, 2775.5272461771547
0.665, 2756.4668563530176
0.665, 2885.93581188345
0.665, 2900.105655032461
0.665, 2825.0148385119223
0.665, 2922.0940307796204
0.665, 2901.195785493197
0.665, 2808.429727078582
0.665, 2895.620149901502
0.76, 2805.6666402589212
0.76, 2773.7330860182856
0.76, 2717.29889122836
0.76, 2882.9484255916454
0.76, 2813.598043578621
0.76, 2798.67220508751
0.76, 2849.2121711982695
0.76, 2796.469769172069
0.76, 2849.934718731539
0.76, 2794.786125879259
0.76, 2849.945307375827
0.76, 2891.5624418698117
0.76, 2826.912763253632
0.76, 2763.3868901973065
0.76, 2962.70474287634
0.76, 2767.6951090536677
0.76, 2715.8929651891513
0.76, 2855.8302519064096
0.76, 2801.2696109784347
0.76, 2823.1703483433444
0.76, 2852.180144937883
0.76, 2881.051560067563
0.76, 2886.8065325409425
0.76, 2863.5618790118174
0.76, 2918.3884793739826
0.76, 2888.449641681639
0.76, 2928.7824704005216
0.76, 2804.255346761089
0.76, 2918.7568618239693
0.76, 2883.961255552567
0.76, 2847.099493877048
0.76, 2828.6476030371664
0.76, 2831.300886923501
0.76, 2849.5904137823154
0.76, 2730.8118436807613
0.76, 2903.999521519111
0.76, 2874.242513072358
0.76, 2878.8129773874175
0.76, 2859.13862397268
0.76, 2796.9931956042933
0.76, 2836.7161604495805
0.76, 2874.528951937326
0.76, 2893.1713162644455
0.76, 2914.7740833302873
0.76, 2917.7794938365605
0.76, 2875.229263311711
0.76, 2794.6734956101673
0.76, 2888.182136469978
0.76, 2879.3627061688017
0.76, 2870.9361454834398
0.76, 2966.7761685865858
0.76, 2762.390522701011
0.76, 2836.6943576667936
0.76, 2866.572894208258
0.76, 2785.7720969426005
0.76, 2893.119100591356
0.76, 2803.0570975519504
0.76, 2817.277723553661
0.76, 2801.9541898081384
0.76, 2826.0166308204034
0.76, 2777.0056013280046
0.76, 2849.8612483482502
0.76, 2922.362764856865
0.76, 2915.3914256584894
0.76, 2735.742535068808
0.76, 2790.710294621655
0.76, 2911.6559505781747
0.76, 2752.7644151013906
0.76, 2787.8807771533707
0.76, 2789.9586362773553
0.76, 2873.7901908993085
0.76, 2981.921739334344
0.76, 2844.694834333576
0.76, 2963.195402569859
0.76, 2826.282780136048
0.76, 2814.384538387188
0.76, 2832.794597058847
0.76, 2920.4435162750524
0.76, 2854.1123758194403
0.76, 2832.0892075764173
0.855, 3008.4688924763095
0.855, 2857.447507420899
0.855, 2866.080846415383
0.855, 2885.377094630932
0.855, 2808.6254351537846
0.855, 2869.4588933971613
0.855, 2828.346550573898
0.855, 2870.497044704724
0.855, 2837.966780490566
0.855, 2935.6940524555066
0.855, 2897.1100840704344
0.855, 2812.8188840993625
0.855, 2867.387226948622
0.855, 2845.3219608235067
0.855, 2856.279328087041
0.855, 2853.75750711093
0.855, 2851.7851590773116
0.855, 2912.5523793802054
0.855, 2876.802914415608
0.855, 2770.9610932610663
0.855, 2912.4062055009795
0.855, 2797.042512362303
0.855, 2870.589217333957
0.855, 2851.0390094006343
0.855, 2874.6879413947936
0.855, 2844.29237759018
0.855, 2862.1177579673245
0.855, 2773.786305804937
0.855, 2812.779967647049
0.855, 2784.8780424837914
0.855, 2956.9453791367905
0.855, 2911.7039305944813
0.855, 2850.6381394193368
0.855, 2875.1478255507677
0.855, 2826.995190667937
0.855, 2837.3745450670044
0.855, 2897.8860546675446
0.855, 2847.0436486069
0.855, 2856.616381224754
0.855, 2894.9088519541383
0.855, 2764.310806089548
0.855, 2820.6526452010744
0.855, 2885.212039101896
0.855, 2794.743867729046
0.855, 2964.8466666680442
0.855, 2806.6374054730554
0.855, 2893.0435009974135
0.855, 2905.7735638363515
0.855, 2878.5853758643775
0.855, 2887.54825601556
0.855, 2910.3666876582847
0.855, 2908.9770856247665
0.855, 2906.7347471281373
0.855, 2861.2722811429717
0.855, 2820.305404336424
0.855, 2859.4314332762847
0.855, 2890.401934797443
0.855, 2883.7453944543345
0.855, 2833.1463617488394
0.855, 2784.2097588695133
0.855, 2821.8553473259685
0.855, 2842.394379825667
0.855, 2798.0818827833536
0.855, 2829.8930070270812
0.855, 2913.3572717571847
0.855, 2860.5376037293317
0.855, 2883.79923160297
0.855, 2837.385665141941
0.855, 2824.182743369416
0.855, 2830.099199010322
0.855, 2905.828288519562
0.855, 2859.788199961116
0.855, 2813.023616913209
0.855, 2841.425960266836
0.855, 2827.873955100753
0.855, 2932.0370523808197
0.855, 2763.9290770100565
0.855, 2896.5911679283763
0.855, 2842.903809284203
0.855, 2840.549926726702
0.95, 2817.177827149921
0.95, 2953.57065731813
0.95, 2867.4490776357934
0.95, 2905.6264815081313
0.95, 2853.878812335171
0.95, 2856.9557259022167
0.95, 2835.5598779127267
0.95, 2823.14596635841
0.95, 2776.3806767718206
0.95, 2872.2331051366823
0.95, 2834.740926598056
0.95, 2874.258075999975
0.95, 2866.794741046726
0.95, 2771.201315567523
0.95, 2919.029574272046
0.95, 2733.575543873937
0.95, 2851.257888139787
0.95, 2944.901509921245
0.95, 2947.378070687295
0.95, 2830.45687636502
0.95, 2880.613651243774
0.95, 2821.1807125853934
0.95, 2895.7122686761104
0.95, 2788.516411945263
0.95, 2839.2516835631354
0.95, 2786.888687573184
0.95, 2901.152103122368
0.95, 2831.530034143989
0.95, 2818.2122395076676
0.95, 2807.6184065099233
0.95, 2810.9538832972776
0.95, 2746.458033864068
0.95, 2900.782389266562
0.95, 2885.3060547916725
0.95, 2817.5933828602438
0.95, 2823.94939123706
0.95, 2830.1295450774214
0.95, 2779.4250502416085
0.95, 2740.849890938596
0.95, 2861.7375937981355
0.95, 2910.587831157816
0.95, 2931.305915479618
0.95, 2850.544768252091
0.95, 2900.5139805898884
0.95, 2892.271451307988
0.95, 2870.3460595320853
0.95, 2758.227132351152
0.95, 2758.382305129437
0.95, 2834.5403865665917
0.95, 2848.004992366442
0.95, 2855.0957836455377
0.95, 2831.074094360208
0.95, 2850.7091696892385
0.95, 2868.0060184551535
0.95, 2920.5021358346235
0.95, 2896.483171763914
0.95, 2793.7180873344196
0.95, 2839.9360827155097
0.95, 2808.2184041712712
0.95, 2803.390890681095
0.95, 2866.8402814371593
0.95, 2886.9844599599614
0.95, 2872.97732229074
0.95, 2904.913100540708
0.95, 2797.1855391095974
0.95, 2787.3720901282186
0.95, 2816.736201098949
0.95, 2828.21933060747
0.95, 2813.18051031151
0.95, 2887.013383420159
0.95, 2954.256518116655
0.95, 2848.6589571455324
0.95, 2965.008333758144
0.95, 2837.6804833726133
0.95, 2776.3263905248677
0.95, 2859.2721408927355
0.95, 2938.8881639234714
0.95, 2800.1700779656076
0.95, 2767.07033014244
0.95, 2839.3247474755717
0.0, 2771.1030699913413
0.0, 2887.883579826846
0.0, 2947.632946631721
0.0, 2730.7009947904635
0.0, 2859.8962791512417
0.0, 2936.15683312571
0.0, 2819.7450227714794
0.0, 2902.3425992914163
0.0, 2915.3328016202686
0.0, 2857.756204767514
0.0, 2824.2730849754735
0.0, 2800.8530558680645
0.0, 2899.226123695051
0.0, 2797.7028762815953
0.0, 2841.946783170914
0.0, 2804.078739503091
0.0, 2802.1035890857347
0.0, 2855.7226364200123
0.0, 2799.4810168445074
0.0, 2891.6920173266717
0.0, 2800.773531135114
0.0, 2881.78965273171
0.0, 2824.87831767765
0.0, 2871.3569222358647
0.0, 2872.169772457097
0.0, 2768.4865570788784
0.0, 2945.385700362544
0.0, 2910.4125882274316
0.0, 2908.6031323340662
0.0, 2718.016403203715
0.0, 2827.5922850151705
0.0, 2848.8211665449403
0.0, 2867.9791867682547
0.0, 2818.9275639072584
0.0, 2843.1485985636855
0.0, 2924.8502531206163
0.0, 2905.9471985913997
0.0, 2861.8190607017614
0.0, 2701.4199863161007
0.0, 2798.996326201236
0.0, 2797.31966176068
0.0, 2811.0079030795955
0.0, 2804.1974221839278
0.0, 2863.697824535806
0.0, 2750.604239157408
0.0, 2800.661792025344
0.0, 2929.051682731477
0.0, 2878.964640567187
0.0, 2790.1162700929467
0.0, 2766.3407573808076
0.0, 2917.831786573261
0.0, 2792.9862832700314
0.0, 2711.7097330425922
0.0, 2939.467416665953
0.0, 2881.1618590121066
0.0, 2898.0832169503005
0.0, 2865.001952677352
0.0, 2970.1807005586084
0.0, 2905.277221274147
0.0, 2879.090910875354
0.0, 2941.742425278518
0.0, 2821.559966690007
0.0, 2809.1354275378662
0.0, 2814.6430674836015
0.0, 2841.2111852905145
0.0, 2905.640729649174
0.0, 2849.4157982551765
0.0, 2819.1789529565062
0.0, 2869.2047455585034
0.0, 2792.8136300237256
0.0, 2842.4765917675663
0.0, 2839.8603894392286
0.0, 2940.084476791738
0.0, 2842.826896251659
0.0, 2924.8071691161417
0.0, 2829.3456243541464
0.0, 2799.6080334560957
0.0, 2790.4206390845543
0.0, 2911.668531538418
0.0, 2857.0026293963247
0.0, 2808.3306155090863
0.0, 2944.3704306191844
0.0, 2844.489443737076
0.0, 2814.43841070625
0.0, 2948.1095900143787
0.0, 2825.050122289716
0.0, 2814.452401554883
0.0, 2927.4742684391545
0.0, 2839.248802861957
0.0, 2943.6750303514946
0.0, 2902.981852474644
0.0, 2795.602625295364
0.0, 2872.6103651961357
0.0, 2864.399758790259
0.0, 2868.150181142157
0.0, 2844.1584662962055
0.0, 2961.2777676924557
0.0, 2823.9215332231106
0.0, 2839.190229847489
0.0, 2894.6003383567254
0.095, 2821.8402353526412
0.095, 2820.6805630849713
0.095, 2773.734427772195
0.095, 2802.6338588319786
0.095, 2814.3315095371545
0.095, 2815.879816057322
0.095, 2855.7714661643763
0.095, 2841.8929808861726
0.095, 2882.839721076368
0.095, 2848.497100619542
0.095, 2704.682415748373
0.095, 2860.0774435651792
0.095, 2773.9237627444045
0.095, 2781.3995260531856
0.095, 2773.4930190799178
0.095, 2858.1962647832493
0.095, 2905.4066745554196
0.095, 2824.7270794260726
0.095, 2736.410253457075
0.095, 2861.665507394219
0.095, 2843.398922939007
0.095, 2936.4056338912155
0.095, 2820.031155490568
0.095, 2883.486029220435
0.095, 2741.8645925351266
0.095, 2854.4275441680074
0.095, 2876.534609517499
0.095, 2843.3335865590507
0.095, 2676.7549704163075
0.095, 2890.5688016324048
0.095, 2844.339114112959
0.095, 2803.1144643298794
0.095, 2908.4372089567105
0.095, 2859.6739756491293
0.095, 2779.99779423679
0.095, 2810.5968419626447
0.095, 2855.9665374261754
0.095, 2891.350582443537
0.095, 2862.6178862694505
0.095, 2832.876822351077
0.095, 2763.5122642454508
0.095, 2873.7573700699077
0.095, 2947.251544890961
0.095, 2849.407167677647
0.095, 3003.8907765777803
0.095, 2922.7226168353063
0.095, 2880.2568447104613
0.095, 2869.3958831317536
0.095, 2953.193563534653
0.095, 2921.726165566268
0.095, 2825.9244269596525
0.095, 3004.160132760986
0.095, 2858.378540659254
0.095, 2804.9267873484096
0.095, 2785.0516885329894
0.095, 2936.909178039483
0.095, 2797.61938086693
0.095, 2823.372947766863
0.095, 2936.4459132313045
0.095, 2712.9556850328063
0.095, 2865.9095440474593
0.095, 2827.52066096984
0.095, 2792.9547478900577
0.095, 2960.014460659028
0.095, 2787.5965730527046
0.095, 2912.1844079934203
0.095, 2917.9926422931026
0.095, 2871.9696875939976
0.095, 2905.705900418899
0.095, 2891.0097274545346
0.095, 2886.9594699728023
0.095, 2944.0189887425427
0.095, 2826.8395924422935
0.095, 2895.5438751596844
0.095, 2835.36239626187
0.095, 2835.8775795292668
0.095, 2935.9896723959346
0.095, 2883.8093783051913
0.095, 2875.667573114134
0.095, 2930.4143450419715
0.095, 2904.215073661013
0.095, 2889.3771363658516
0.095, 2908.50328573909
0.095, 2843.093958604513
0.095, 2777.6608215923193
0.095, 2840.607351738014
0.095, 2816.6364532033435
0.095, 2935.1292615512434
0.095, 2930.2724507250346
0.095, 2893.793198172818
0.095, 2904.8942166234297
0.095, 2800.5432879708396
0.095, 2879.423320991976
0.095, 2852.626923205655
0.095, 2849.436939949606
0.095, 2712.2067472520444
0.095, 2852.260135758548
0.095, 2889.579823911585
0.095, 2793.9490215823134
0.095, 2736.0987124752246
0.19, 2873.2715792945123
0.19, 2808.3515904461547
0.19, 2798.74264640748
0.19, 2888.394144262736
0.19, 2843.5761824807273
0.19, 2726.4533386133367
0.19, 2863.0217822289865
0.19, 2908.059510188879
0.19, 2885.3323013021977
0.19, 2890.5002126869094
0.19, 2854.2818860006246
0.19, 2851.4263911929074
0.19, 2890.987452583843
0.19, 2841.6382268669117
0.19, 2755.2709351822728
0.19, 2783.088337362477
0.19, 2833.270020437051
0.19, 2803.6447307505746
0.19, 2831.5131156136244
0.19, 2961.263867599968
0.19, 2943.0350590838857
0.19, 2808.4337266511293
0.19, 2983.3055919825742
0.19, 2826.909077543446
0.19, 2806.6382478769106
0.19, 2899.416948670168
0.19, 2986.5991397965636
0.19, 2850.7003228500057
0.19, 2804.4026570254346
0.19, 2832.404789248935
0.19, 2839.8832283523943
0.19, 2927.0985192292765
0.19, 2887.991151457109
0.19, 2852.0928779763794
0.19, 2827.820854774317
0.19, 2796.5368485213758
0.19, 2925.5354503626045
0.19, 2885.3515569990545
0.19, 2833.401792852476
0.19, 2845.8570677033845
0.19, 2832.3603497013496
0.19, 2821.6050047485674
0.19, 2844.640388186606
0.19, 2763.2472057865657
0.19, 2874.7545035713897
0.19, 2945.0934524818235
0.19, 2821.6301647549703
0.19, 2830.1090603858233
0.19, 2853.8843221031952
0.19, 2830.8844526643193
0.19, 2791.5281257636816
0.19, 2833.730557358428
0.19, 2876.1482413157787
0.19, 2859.981252800862
0.19, 2923.200123445283
0.19, 2912.656806121475
0.19, 2825.554412859088
0.19, 2800.5541031408834
0.19, 2832.209347514618
0.19, 2736.466316277426
0.19, 2859.286161747793
0.19, 2851.6183383271227
0.19, 2831.6022861780993
0.19, 2997.97106141756
0.19, 2850.406978727435
0.19, 2791.2501724358244
0.19, 2907.0233950233546
0.19, 2851.9208166128446
0.19, 2907.037372753447
0.19, 2817.3011866056067
0.19, 2785.628489022968
0.19, 2846.542206333132
0.19, 2835.5748246236335
0.19, 2753.759926962821
0.19, 2920.8186079833035
0.19, 2867.814554341281
0.19, 2834.4265322364904
0.19, 2892.910802386897
0.19, 2784.2151769324014
0.19, 2877.657249346725
0.19, 2875.234598732177
0.19, 2861.48641308065
0.19, 2856.3744689171367
0.19, 2993.2060058391494
0.19, 2817.4141337719393
0.19, 2730.8703436938767
0.19, 2875.588826017119
0.19, 2810.944324324063
0.19, 2902.0493253746367
0.19, 2747.609442295139
0.19, 2781.7420756378338
0.19, 2874.4405797663585
0.19, 2846.2610099065137
0.19, 2831.51645203992
0.19, 2871.109556254653
0.19, 2955.893990212896
0.19, 2860.140284209799
0.19, 2826.6263519411737
0.19, 2915.1186345379474
0.19, 2835.8205539896744
0.28500000000000003, 2777.680358872499
0.28500000000000003, 2766.167185466962
0.28500000000000003, 2881.7683478118524
0.28500000000000003, 2842.3989632432076
0.28500000000000003, 2874.9965544596866
0.28500000000000003, 2838.1970542976815
0.28500000000000003, 2953.871777597052
0.28500000000000003, 2846.691408655327
0.28500000000000003, 2830.051561491371
0.28500000000000003, 2770.1729362460605
0.28500000000000003, 2917.616079112232
0.28500000000000003, 2857.2396916466164
0.28500000000000003, 2866.3641444010427
0.28500000000000003, 2940.275791329934
0.28500000000000003, 2965.222015081427
0.28500000000000003, 2932.3943773924566
0.28500000000000003, 2785.1489721620696
0.28500000000000003, 2851.927039590787
0.28500000000000003, 2844.613467003095
0.28500000000000003, 2819.376660804435
0.28500000000000003, 2787.3644215877875
0.28500000000000003, 2812.674857948305
0.28500000000000003, 2874.667743011988
0.28500000000000003, 2835.4436950520094
0.28500000000000003, 2864.3318359581694
0.28500000000000003, 2796.3301329402543
0.28500000000000003, 2865.419730869911
0.28500000000000003, 2815.65519878828
0.28500000000000003, 2832.8272073259823
0.28500000000000003, 2856.6875224525834
0.28500000000000003, 2760.714464395578
0.28500000000000003, 2937.2770689085733
0.28500000000000003, 2960.408585986134
0.28500000000000003, 2886.7180000587064
0.28500000000000003, 2708.254218031316
0.28500000000000003, 2921.805141318183
0.28500000000000003, 2915.771645945835
0.28500000000000003, 2909.4336498863486
0.28500000000000003, 2834.0935065022536
0.28500000000000003, 2837.466626537743
0.28500000000000003, 2714.401084548605
0.28500000000000003, 2859.2311778207745
0.28500000000000003, 2880.7629043780717
0.28500000000000003, 2757.463250367603
0.28500000000000003, 2817.8104546941495
0.28500000000000003, 2829.948206993881
0.28500000000000003, 2746.6179154357083
0.28500000000000003, 2909.181208875121
0.28500000000000003, 2901.3884990695324
0.28500000000000003, 2928.319630900695
0.28500000000000003, 2826.954036315847
0.28500000000000003, 2901.2625457064705
0.28500000000000003, 2943.6909341604974
0.28500000000000003, 2920.3187545527794
0.28500000000000003, 2839.0143721075524
0.28500000000000003, 2798.4324138141724
0.28500000000000003, 2806.0108516097425
0.28500000000000003, 2794.6382495116372
0.28500000000000003, 2928.945082729494
0.28500000000000003, 2932.190244429487
0.28500000000000003, 2863.953094535231
0.28500000000000003, 2913.322092675071
0.28500000000000003, 2788.2233158308873
0.28500000000000003, 2809.6623295839568
0.28500000000000003, 2861.9791738324907
0.28500000000000003, 2883.7928696211834
0.28500000000000003, 2983.944670936646
0.28500000000000003, 2919.1327615546493
0.28500000000000003, 2891.6242321428454
0.28500000000000003, 2857.8320240134512
0.28500000000000003, 2820.9749703917287
0.28500000000000003, 2803.377965906838
0.28500000000000003, 2790.1763026678673
0.28500000000000003, 2821.1720101616907
0.28500000000000003, 2900.5594955009187
0.28500000000000003, 2890.084521652057
0.28500000000000003, 2770.536366075945
0.28500000000000003, 2779.7464932191974
0.28500000000000003, 2836.5933352896627
0.28500000000000003, 2861.0092717444177
0.28500000000000003, 2958.6628063146627
0.28500000000000003, 2798.583385803255
0.28500000000000003, 2826.5153638641077
0.28500000000000003, 2877.669813781208
0.28500000000000003, 2899.2206212053766
0.28500000000000003, 2845.4311339336864
0.28500000000000003, 2817.8735468212576
0.28500000000000003, 2873.223747503367
0.28500000000000003, 2771.0811980731446
0.28500000000000003, 2824.804603575775
0.28500000000000003, 2832.715112340705
0.28500000000000003, 2729.4521468431913
0.28500000000000003, 2864.446921366143
0.28500000000000003, 2879.2676659079816
0.28500000000000003, 2961.773970596833
0.28500000000000003, 2931.4977844284103
0.28500000000000003, 2717.7647820605907
0.28500000000000003, 2798.226716118492
0.28500000000000003, 2871.0465668820893
0.28500000000000003, 2906.946863202033
0.38, 2873.3328428670093
0.38, 2839.3486964372305
0.38, 2869.8660169827217
0.38, 2829.9468990238843
0.38, 2951.3645109549275
0.38, 2843.6434214749916
0.38, 2920.200233992505
0.38, 2845.5748813227415
0.38, 2828.2359637165964
0.38, 2800.425616176606
0.38, 2962.2999365561905
0.38, 2952.8183285834507
0.38, 2844.188119630618
0.38, 2807.498818657097
0.38, 2797.8241946577405
0.38, 2829.8441894181365
0.38, 2861.7725575071904
0.38, 2891.493939109579
0.38, 2828.401603426475
0.38, 2843.7233493455324
0.38, 2755.8300553170084
0.38, 2794.3414064013377
0.38, 2844.6742355564934
0.38, 2873.060063143228
0.38, 2823.680395073117
0.38, 2862.3774491857766
0.38, 2747.21601318577
0.38, 2889.913218638267
0.38, 2827.791546003843
0.38, 2816.2240632289695
0.38, 2877.767680053247
0.38, 2900.9450530875033
0.38, 2793.7944890687463
0.38, 2869.751472383853
0.38, 2890.3488849470145
0.38, 2885.5316327492565
0.38, 2855.7576262214247
0.38, 2834.4460422091947
0.38, 2782.492789973028
0.38, 2811.487828810688
0.38, 2762.267450796986
0.38, 2787.9449780477494
0.38, 2926.681850690722
0.38, 2759.3207450975033
0.38, 2822.5092166662334
0.38, 2837.882857476073
0.38, 2810.1433368361013
0.38, 2852.8046141172986
0.38, 2876.1142747773115
0.38, 2770.139488198555
0.38, 2814.423392037615
0.38, 2843.5655294973767
0.38, 2854.01982703214
0.38, 2863.2261941513466
0.38, 2906.0440109464093
0.38, 2889.1543719882266
0.38, 2845.621911463595
0.38, 2699.784640652711
0.38, 2940.371812263983
0.38, 2909.116630212165
0.38, 2814.8184702438184
0.38, 2781.9964581003833
0.38, 2866.4250054867102
0.38, 2893.553156800576
0.38, 2927.8437297633695
0.38, 2882.062927901493
0.38, 2941.6917618466823
0.38, 2923.0399617447974
0.38, 2859.305991580296
0.38, 2736.1815693935096
0.38, 2842.4472210173317
0.38, 2804.990508542138
0.38, 2893.2502256276925
0.38, 2796.9294747972267
0.38, 2971.225108133079
0.38, 2913.78116693511
0.38, 2840.5490946062832
0.38, 2794.8837425820775
0.38, 2808.369430697985
0.38, 2786.97248650868
0.38, 2885.4528721202832
0.38, 2703.3981228896355
0.38, 2936.49863937149
0.38, 2945.231607841749
0.38, 2847.333520030274
0.38, 2836.697916885261
0.38, 2859.174112999957
0.38, 2788.5452417999427
0.38, 2804.274206343937
0.38, 2864.8526554512896
0.38, 2861.594473286312
0.38, 2804.087843991813
0.38, 2885.8420120361875
0.38, 2763.4491072450137
0.38, 2831.4028067459835
0.38, 2730.959329382144
0.38, 2892.346256062397
0.38, 2782.848223213902
0.38, 2725.9562012391807
0.38, 2858.858021000226
0.475, 2805.081621568969
0.475, 2919.007491974413
0.475, 2897.2350403293417
0.475, 2847.01486792857
0.475, 2798.7112684416356
0.475, 2890.1593520563097
0.475, 2887.096895200271
0.475, 2815.836653679939
0.475, 2959.069949174329
0.475, 2830.0992944153854
0.475, 2951.693345172978
0.475, 2865.0698578488946
0.475, 2919.70179055266
0.475, 2816.3390873077515
0.475, 2925.6160245062943
0.475, 2915.2144219529214
0.475, 2715.670041170687
0.475, 2903.135003024757
0.475, 2858.936597938172
0.475, 2901.0063693784346
0.475, 2801.0050006371093
0.475, 2920.916754944099
0.475, 2829.3620387221245
0.475, 2898.455912777525
0.475, 2909.498914367455
0.475, 2866.6874549180957
0.475, 2836.657804069735
0.475, 2837.8300248912924
0.475, 2776.3046038726598
0.475, 2882.630994456416
0.475, 2837.6010218361143
0.475, 2809.876736407283
0.475, 2966.8831496167977
0.475, 2823.653740412054
0.475, 2870.948985469893
0.475, 2835.069525371977
0.475, 2782.767766196808
0.475, 2781.2276254554495
0.475, 2899.8002175997085
0.475, 2854.5262133926626
0.475, 2849.5706951265283
0.475, 2888.180796091108
0.475, 2828.049382627315
0.475, 2791.3102117894086
0.475, 2914.9579550168555
0.475, 2935.7903820029833
0.475, 2826.3426409521767
0.475, 2765.812408735978
0.475, 2824.542127460215
0.475, 2847.0998576957245
0.475, 2870.2393945742288
0.475, 2851.4223437724263
0.475, 2879.5605327234616
0.475, 2860.24785126562
0.475, 2903.3359426313823
0.475, 2828.873352153252
0.475, 2775.3248826597014
0.475, 2748.593051713393
0.475, 2964.9825723753916
0.475, 2812.513392331175
0.475, 2813.1660604669646
0.475, 2776.8145342254174
0.475, 2864.6705495431684
0.475, 2874.9243929234867
0.475, 2904.989037526765
0.475, 2788.988839551225
0.475, 2936.917035723697
0.475, 2936.7057565203877
0.475, 2743.817010953215
0.475, 2826.342215861312
0.475, 2790.705258027301
0.475, 2867.5888650559327
0.475, 2931.073923157375
0.475, 2903.12499469795
0.475, 2842.7643266009673
0.475, 2884.060597953566
0.475, 2880.185471943744
0.475, 2949.1073302908185
0.475, 2842.508149874689
0.475, 2750.219845526498
0.475, 2831.9778519948395
0.475, 2960.4524494368857
0.475, 2928.3364037102983
0.475, 2982.757429929921
0.475, 2819.358889188649
0.475, 2892.6445816188807
0.475, 2966.927549085695
0.475, 2772.2810956265803
0.475, 2946.0408281642976
0.475, 2852.2293275639013
0.475, 2880.570878897561
0.475, 2888.407384590832
0.475, 2869.961243901399
0.475, 2777.1071323197025
0.475, 2827.1291700522584
0.475, 2822.2042135446222
0.475, 2853.418779478542
0.475, 2787.995269212766
0.475, 2819.749458869028
0.475, 2806.457785054172
0.5700000000000001, 2855.3760800944847
0.5700000000000001, 2943.822793934884
0.5700000000000001, 2857.336720670625
0.5700000000000001, 2931.753091990697
0.5700000000000001, 2881.5633284195796
0.5700000000000001, 3008.2158683585635
0.5700000000000001, 2780.616064063251
0.5700000000000001, 2885.214157682381
0.5700000000000001, 2843.7970870078625
0.5700000000000001, 2965.010138526504
0.5700000000000001, 2870.553625880623
0.5700000000000001, 2904.26509524101
0.5700000000000001, 2931.22678412066
0.5700000000000001, 2925.501759151079
0.5700000000000001, 2863.4743488973254
0.5700000000000001, 2882.0388656277505
0.5700000000000001, 2897.6607586989303
0.5700000000000001, 2939.9520714099726
0.5700000000000001, 2924.9392994230852
0.5700000000000001, 2922.345556425246
0.5700000000000001, 2754.6459731448203
0.5700000000000001, 2840.501973356602
0.5700000000000001, 2755.1727534466295
0.5700000000000001, 2802.063695985774
0.5700000000000001, 2781.3322178093545
0.5700000000000001, 2752.1114433165617
0.5700000000000001, 2776.7267589347466
0.5700000000000001, 2889.7074475899944
0.5700000000000001, 2895.8940299259702
0.5700000000000001, 2861.3474870140803
0.5700000000000001, 2822.2079002856635
0.5700000000000001, 2780.6021984674203
0.5700000000000001, 2855.2948377998446
0.5700000000000001, 2891.7623792445997
0.5700000000000001, 2768.7014696752203
0.5700000000000001, 2819.022600700969
0.5700000000000001, 2796.633094105687
0.5700000000000001, 2933.724340002711
0.5700000000000001, 2782.2557762151177
0.5700000000000001, 2874.3262754462407
0.5700000000000001, 2854.5680449787606
0.5700000000000001, 2785.812441482277
0.5700000000000001, 2752.091802808731
0.5700000000000001, 2850.0911893660145
0.5700000000000001, 2920.2178352491824
0.5700000000000001, 2808.5074602464692
0.5700000000000001, 2871.159774494352
0.5700000000000001, 2830.8292539738413
0.5700000000000001, 2770.819559047925
0.5700000000000001, 2829.2101200322472
0.5700000000000001, 2778.1486772014982
0.5700000000000001, 2798.0023037244305
0.5700000000000001, 2812.2505371656634
0.5700000000000001, 2786.7821795543327
0.5700000000000001, 2957.4240306484644
0.5700000000000001, 2845.440222377344
0.5700000000000001, 2848.556221566016
0.5700000000000001, 2889.249961324525
0.5700000000000001, 2866.43511957303
0.5700000000000001, 2868.236545748045
0.5700000000000001, 2800.076607016096
0.5700000000000001, 2878.8680621694475
0.5700000000000001, 2801.005867757639
0.5700000000000001, 2989.788775183354
0.5700000000000001, 2772.7254144326103
0.5700000000000001, 2899.532091407324
0.5700000000000001, 2820.081761414979
0.5700000000000001, 2768.065685195757
0.5700000000000001, 2878.858250817424
0.5700000000000001, 2786.5945549355174
0.5700000000000001, 2811.924790502939
0.5700000000000001, 2845.417211763857
0.5700000000000001, 2767.998303837764
0.5700000000000001, 2914.155335910948
0.5700000000000001, 2760.1946711598785
0.5700000000000001, 2863.407081041356
0.5700000000000001, 2787.248070037537
0.5700000000000001, 2967.9474349540765
0.5700000000000001, 2867.601481601086
0.5700000000000001, 2912.479114544067
0.5700000000000001, 2817.993497671828
0.5700000000000001, 2879.6041250841213
0.5700000000000001, 2856.7988677796498
0.5700000000000001, 2851.2699840130754
0.5700000000000001, 2889.5221080946994
0.5700000000000001, 2825.4097658987785
0.5700000000000001, 2905.651203015513
0.5700000000000001, 2937.567271399221
0.5700000000000001, 2970.29664798581
0.5700000000000001, 2741.2988694600203
0.5700000000000001, 2814.463419098217
0.5700000000000001, 2991.7793908255167
0.5700000000000001, 2949.289141980589
0.5700000000000001, 2962.502152553075
0.5700000000000001, 2886.310765361059
0.5700000000000001, 2722.6956397462814
0.5700000000000001, 2834.0108736322895
0.5700000000000001, 2810.1292127399847
0.5700000000000001, 2826.6817524963103
0.5700000000000001, 2880.938225229832
0.665, 2927.1271241142867
0.665, 2920.7968601170796
0.665, 2815.953811474291
0.665, 2970.526081736015
0.665, 2799.0688949589144
0.665, 2977.183833027348
0.665, 2793.635172966337
0.665, 2831.734636704277
0.665, 3015.8798475774247
0.665, 2907.6518273936554
0.665, 2792.0270452792793
0.665, 2829.1811116628464
0.665, 2854.124736068117
0.665, 2841.8138318559777
0.665, 2751.5124035812546
0.665, 2783.4505595422197
0.665, 2736.185355354038
0.665, 2846.6768922756837
0.665, 2845.250985316196
0.665, 2802.5058298109607
0.665, 2743.056791024283
0.665, 2761.4330538584463
0.665, 2832.2282772459357
0.665, 2818.551060479317
0.665, 2811.0823853321294
0.665, 2832.2779202009074
0.665, 2805.454380901835
0.665, 2874.4904768638107
0.665, 2734.8600279589923
0.665, 2913.517814720929
0.665, 2894.692982282914
0.665, 2880.178564956336
0.665, 2739.4114340209735
0.665, 2829.9527749459826
0.665, 2910.055674278326
0.665, 2847.939845027032
0.665, 2826.9976168836356
0.665, 2928.3400227781162
0.665, 2818.296475374195
0.665, 2923.6811348837564
0.665, 2890.194577785045
0.665, 2795.0091309925906
0.665, 2871.539635386072
0.665, 2935.980205812171
0.665, 2938.306218690832
0.665, 2784.227337317124
0.665, 2850.5006395073183
0.665, 2882.309895809434
0.665, 2881.65067793677
0.665, 2965.1672827003513
0.665, 2907.4620721665556
0.665, 2938.2517386254767
0.665, 2804.870867284512
0.665, 2884.9629529660538
0.665, 2858.8892133365553
0.665, 2912.1997352677313
0.665, 2863.337226599457
0.665, 2824.6464152065537
0.665, 2926.5668606414124
0.665, 2847.3702637369515
0.665, 2865.954597857505
0.665, 2808.0377889378183
0.665, 2919.142347301949
0.665, 2706.4976146002796
0.665, 2793.998476039296
0.665, 2746.848326134086
0.665, 2925.0600964970063
0.665, 2841.173689595455
0.665, 2921.4123322216733
0.665, 2837.855587832032
0.665, 2850.4495217825365
0.665, 2950.518745831008
0.665, 2727.7871612155595
0.665, 2897.966722101317
0.665, 2871.563947407127
0.665, 2830.490681992137
0.665, 2815.485806440632
0.665, 2834.3310779168773
0.665, 2945.942597433483
0.665, 2824.531546336499
0.665, 2964.5194268813398
0.665, 2849.5012192990644
0.665, 2876.389821094369
0.665, 2888.6856574890203
0.665, 2784.7923802778087
0.665, 2868.419631709141
0.665, 2883.2136054967
0.665, 2746.4878495839766
0.665, 2817.1366288291883
0.665, 2872.1167812244244
0.665, 2849.89860947756
0.665, 2885.9678623090413
0.665, 2817.92877023916
0.665, 2683.536282038343
0.665, 2833.290970202994
0.665, 2824.7760945025084
0.665, 2819.544064552527
0.665, 2893.1221755994693
0.665, 2870.2224426247085
0.665, 2850.3486387880957
0.76, 2827.9322714896944
0.76, 2816.46013382697
0.76, 2853.8469364934704
0.76, 2850.6650365899804
0.76, 2870.149968428175
0.76, 2758.586957920382
0.76, 2884.234050552001
0.76, 2863.1382505962906
0.76, 2822.6409615427756
0.76, 2821.154932022897
0.76, 2935.421733532256
0.76, 2829.487510278874
0.76, 2957.3455205629352
0.76, 2823.985854031424
0.76, 2918.7101642625694
0.76, 2807.1761430462566
0.76, 2858.3215068318386
0.76, 2724.3002566191194
0.76, 2928.7883668373465
0.76, 2817.8707330975094
0.76, 2855.7905926344765
0.76, 2804.1782891225403
0.76, 2767.0308002749703
0.76, 2833.646478327253
0.76, 2812.301318474622
0.76, 2868.124456860158
0.76, 2800.2315082406067
0.76, 2838.9371170048094
0.76, 2793.138071597714
0.76, 2868.159880666865
0.76, 2976.2746376852115
0.76, 2875.114346273554
0.76, 2892.977079629748
0.76, 2817.260436898688
0.76, 2866.2028653851935
0.76, 2864.9044275217793
0.76, 2816.2634886070714
0.76, 2785.4254234393993
0.76, 2834.3003698651514
0.76, 2980.48649246507
0.76, 2937.2099967985537
0.76, 2853.6479849382604
0.76, 2752.809801845876
0.76, 2909.15959913603
0.76, 2869.785525464028
0.76, 2868.3745790742933
0.76, 2828.8882071701473
0.76, 2854.263234655532
0.76, 2812.344436659255
0.76, 2815.797743202449
0.76, 2825.200906341604
0.76, 2935.606557928301
0.76, 2820.767290886045
0.76, 2905.7971386959125
0.76, 2848.4245971972855
0.76, 2925.873025084875
0.76, 2808.985353810273
0.76, 2833.866152746429
0.76, 2864.426000512069
0.76, 2850.397116873062
0.76, 3015.0198791022804
0.76, 2919.5900430666866
0.76, 2739.2689868934426
0.76, 2833.921557709813
0.76, 2842.9187446005158
0.76, 2889.2202359101584
0.76, 2905.8860180880406
0.76, 2887.3539998547217
0.76, 2959.439107255099
0.76, 2814.4953625024573
0.76, 2900.2153390663825
0.76, 2849.5508979185247
0.76, 2782.1484946242504
0.76, 2960.863670519726
0.76, 2876.4848983113743
0.76, 2815.1356680349427
0.76, 2857.2232085336077
0.76, 2843.7109798619495
0.76, 2855.1685433396597
0.76, 2813.5719039868222
0.76, 2764.0440646851503
0.76, 2909.8472935597138
0.76, 2902.7752124319586
0.76, 2777.601770533849
0.76, 2805.171035820019
0.76, 2884.681836838853
0.76, 2824.3964850109546
0.76, 2852.657475258419
0.76, 2860.7952237201066
0.76, 2798.1414563169105
0.76, 2840.80689580591
0.76, 2785.316324445003
0.76, 2870.3198152787295
0.76, 2837.7017489757873
0.76, 2900.7296729107616
0.76, 2832.5761488811722
0.76, 2789.0220063568913
0.76, 2797.1101396691843
0.76, 2951.86164763151
0.76, 2804.747879680557
0.855, 2935.5713395276784
0.855, 2839.448188707815
0.855, 2912.3856207647327
0.855, 2892.0488951390166
0.855, 2816.473450734338
0.855, 2750.3132548647886
0.855, 2899.7943194874524
0.855, 2792.71932503395
0.855, 2816.691679731234
0.855, 2773.603203848935
0.855, 2877.183480414153
0.855, 2868.0504170420018
0.855, 2702.8876338694768
0.855, 2793.116475532543
0.855, 2843.550499504425
0.855, 2842.5454569203657
0.855, 2794.6143972991918
0.855, 2761.4467273241885
0.855, 2849.8389257584818
0.855, 2897.4957776890756
0.855, 2809.453908553231
0.855, 2731.4052026833906
0.855, 2788.290188526783
0.855, 2872.1730637175997
0.855, 2814.168547255736
0.855, 2847.9380020977787
0.855, 2813.172030769883
0.855, 2990.147625491208
0.855, 2959.8059493283117
0.855, 2898.4282111920265
0.855, 2868.505764558499
0.855, 2976.0067354970333
0.855, 2860.21917630933
0.855, 2883.720471269868
0.855, 2912.335178122155
0.855, 2905.727689687708
0.855, 2806.893061073656
0.855, 2867.1985135196246
0.855, 2882.0967362911374
0.855, 3008.175727591062
0.855, 2828.40759530076
0.855, 2857.090534531295
0.855, 2833.1662894799683
0.855, 2819.4546315265347
0.855, 2765.3571395078116
0.855, 2933.970301360104
0.855, 2848.78887971744
0.855, 2867.9194894548264
0.855, 2828.805807965453
0.855, 2931.721327890119
0.855, 2707.03639399635
0.855, 2834.557435026545
0.855, 2757.38554640126
0.855, 2819.98528989285
0.855, 2844.5894898201905
0.855, 2862.14012556864
0.855, 2799.5070540155684
0.855, 2991.0962723696407
0.855, 2844.035067321876
0.855, 2958.251243351711
0.855, 2839.5541474613415
0.855, 2883.6220126835947
0.855, 2956.8838982267484
0.855, 2925.6085998871417
0.855, 2948.8341080304226
0.855, 2933.3149432493756
0.855, 2836.6261013249987
0.855, 2921.1021552920806
0.855, 2784.2516812237914
0.855, 2799.692888941912
0.855, 2939.8170938472563
0.855, 2853.1170263655313
0.855, 2978.201488206339
0.855, 3007.300782298116
0.855, 2804.1817364314547
0.855, 2905.0701887250616
0.855, 2843.8790431173666
0.855, 2811.985383074186
0.855, 2896.1376303524235
0.855, 2878.545147453669
0.855, 2829.898224208677
0.855, 2863.3899949004012
0.855, 2856.788008230683
0.855, 2889.725528111518
0.855, 2849.350420713686
0.855, 2703.5670093838653
0.855, 2806.061753370421
0.855, 2749.074320349273
0.855, 2743.543905186893
0.855, 2892.935662436871
0.855, 2811.0102844904013
0.855, 2920.5864163294964
0.855, 2888.8654969526388
0.855, 2853.6259883128655
0.855, 2859.581412683052
0.855, 2810.2319057304107
0.855, 2915.766028187332
0.855, 2921.043013194957
0.855, 2787.1759928438223
0.855, 2866.29104581637
0.95, 2873.387318911112
0.95, 2770.4839565543307
0.95, 2819.915096311562
0.95, 2918.6929872691994
0.95, 2929.0611461163703
0.95, 2900.7015340827206
0.95, 2825.819214182648
0.95, 2821.3664075614897
0.95, 2834.85457876447
0.95, 2844.0066347140873
0.95, 2955.573561591644
0.95, 2816.8470150267667
0.95, 2824.9506809539675
0.95, 2869.8605638194476
0.95, 2821.94588822167
0.95, 2890.8939519320693
0.95, 2891.6784894636294
0.95, 2755.2398090700854
0.95, 2836.628646855569
0.95, 2792.570970124662
0.95, 2858.426696389503
0.95, 2843.3718366001212
0.95, 2768.9786910154808
0.95, 2878.3037794961174
0.95, 2960.409010392266
0.95, 2823.1470558989154
0.95, 2840.9280950299494
0.95, 2917.4620723090006
0.95, 2868.268025409996
0.95, 2887.5319665507586
0.95, 2936.3505484162088
0.95, 2768.9491096881798
0.95, 2823.3145310276745
0.95, 2874.270435681003
0.95, 2880.428603152091
0.95, 2738.550982527764
0.95, 2888.932470663436
0.95, 2897.0628601636677
0.95, 2728.7232324635
0.95, 2890.8928014716294
0.95, 2832.8112079181133
0.95, 2843.337562928875
0.95, 2919.0062023071905
0.95, 2848.194388895682
0.95, 2808.068080734554
0.95, 2853.08085606445
0.95, 2830.4853641495556
0.95, 2811.7347147563655
0.95, 2853.092197696701
0.95, 2872.919793080895
0.95, 2846.006897177276
0.95, 2757.3438097167327
0.95, 2808.6023481669085
0.95, 2866.5618013057556
0.95, 2922.5220283213052
0.95, 2861.91930932482
0.95, 2892.690019652294
0.95, 2912.6460253391606
0.95, 2897.2615427358355
0.95, 2894.7705629977654
0.95, 2697.2335705885102
0.95, 2787.16289484881
0.95, 2880.136086493696
0.95, 2809.425579959144
0.95, 2810.516943704835
0.95, 2866.3128016155815
0.95, 2832.2105245482358
0.95, 2922.090868900356
0.95, 2830.470732905248
0.95, 2867.1929966485695
0.95, 2814.775552015969
0.95, 2907.5923246680813
0.95, 2832.3515164009045
0.95, 2867.593961995463
0.95, 2888.6956409453587
0.95, 2845.56028134675
0.95, 2894.437780218887
0.95, 2890.377300927828
0.95, 2769.756431470883
0.95, 2847.772676335875
0.95, 2816.8396440210286
0.95, 2882.571353189383
0.95, 2774.323903607704
0.95, 2815.636523503201
0.95, 2902.9267759709087
0.95, 2795.3737587813557
0.95, 2787.8317265308738
0.95, 2826.4963499498836
0.95, 2782.6541396312655
0.95, 2988.1447266644386
0.95, 2842.9768464639737
0.95, 2887.2909702696024
0.95, 2844.747126253354
0.95, 2818.12576591432
0.95, 2832.70044049767
0.95, 2817.3736093622474
0.95, 2903.569832604657
0.95, 2929.4315827719065
0.95, 2837.4379732999755
0.95, 2948.782035723386
0.9, 2827.2622553445995
0.9, 2887.771290504614
0.9, 2830.405930556669
0.9, 2893.7694369529027
0.9, 2826.9049528654905
0.9, 2859.0739366887483
0.9, 2904.461554263706
0.9, 2741.53147614935
0.9, 2908.869975963449
0.9, 2782.328810642575
0.9, 2880.877378538258
0.9, 2896.04739153042
0.9, 2890.2845834551354
0.9, 2999.1145602368106
0.9, 2842.6643444850665
0.9, 2967.6444191800715
0.9, 2795.1824075983563
0.9, 2913.866154412056
0.9, 2803.55321223066
0.9, 2857.483415045329
0.9, 2817.0100055126477
0.9, 2854.181775866326
0.9, 2929.2699460748613
0.9, 2822.8511223069813
0.9, 2879.2719466832195
0.9, 2827.907030622224
0.9, 2865.1032951046213
0.9, 2843.2258785935305
0.9, 2792.174487055798
0.9, 2936.2067869759694
0.9, 2857.648604901949
0.9, 2986.3570945312645
0.9, 2845.3785497521703
0.9, 2833.6598987736897
0.9, 2869.481986175522
0.9, 2866.0571422688354
0.9, 2870.61920801948
0.9, 2912.8818240786295
0.9, 2863.7799288648057
0.9, 2776.1836293861143
0.9, 2800.4717290282942
0.9, 2924.344745761119
0.9, 2864.0177122363593
0.9, 2810.890588474927
0.9, 2781.4347500974873
0.9, 2851.974296135757
0.9, 2825.0637435146195
0.9, 2827.784276370178
0.9, 2874.3333060144328
0.9, 2819.6559904493106
0.9, 2765.2278162018165
0.9, 2924.585040315254
0.9, 2819.762476518176
0.9, 2867.7941744570207
0.9, 2901.995454864835
0.9, 2828.8404350863366
0.9, 2760.8515547200836
0.9, 2794.1793972530986
0.9, 2844.9432071784963
0.9, 2878.141083793835
0.9, 2807.3592895580086
0.9, 2898.3933424140882
0.9, 2887.886707847771
0.9, 2818.9052185143946
0.9, 2837.340079579029
0.9, 2863.3043143526615
0.9, 2802.394961947503
0.9, 2879.9806581757553
0.9, 2850.4002575243676
0.9, 2839.9017403379444
0.9, 2852.7568486444798
0.9, 2929.2253323353993
0.9, 2787.996726069847
0.9, 2875.2289880705566
0.9, 2909.1899940237736
0.9, 2904.6559772729283
0.9, 2766.6070186191487
0.9, 2860.9710155060448
0.9, 2829.25593247459
0.9, 2872.7435255034306
0.9, 2803.389355896727
0.9, 2862.791370517729
0.9, 2869.727427989572
0.9, 2893.1996111704866
0.9, 2925.1767315460756
0.9, 2762.252226934956
0.9, 2872.0374187782445
0.9, 2873.217917944263
0.9, 2910.3118483987278
0.9, 2911.142600338593
0.9, 2781.0048821475707
0.9, 2792.706123985854
0.9, 2790.113622047074
0.9, 2927.1476419228843
0.9, 2847.0037887164685
0.9, 2774.6222091830955
0.9, 2903.7775426713974
0.9, 2928.2200809118326
0.9, 2880.154300088271
0.9, 2855.4348772153367
0.91, 2890.7482624858585
0.91, 2816.2249542213035
0.91, 2847.8209498252827
0.91, 2775.5415365391873
0.91, 2951.0315810636384
0.91, 2849.592092100549
0.91, 2955.2840207788336
0.91, 2798.1974722421187
0.91, 2934.856131085216
0.91, 2833.308931542366
0.91, 2829.3034558984914
0.91, 2872.8692787897194
0.91, 2880.9002500628158
0.91, 2858.765054296707
0.91, 2889.835546782215
0.91, 2864.5608702674244
0.91, 2883.9973350449973
0.91, 2809.8529271583325
0.91, 2834.001873954285
0.91, 2999.0776224597103
0.91, 2883.5495610880052
0.91, 2966.406645673764
0.91, 2887.764222984474
0.91, 2883.3895256022506
0.91, 2765.395484093585
0.91, 2894.0354617470066
0.91, 2837.5192192950017
0.91, 2821.783057488591
0.91, 2834.7754293487938
0.91, 2794.9603475180334
0.91, 2917.202454066921
0.91, 2789.2666940147146
0.91, 2882.292791090231
0.91, 2892.94121648459
0.91, 2759.602284293503
0.91, 2780.676968265529
0.91, 2835.3280606048984
0.91, 2905.799805319303
0.91, 2792.1650791492293
0.91, 2805.8397271774775
0.91, 2750.8165871442066
0.91, 2885.2292259279275
0.91, 2950.3176028805105
0.91, 2784.3958163618554
0.91, 2862.287392927862
0.91, 2757.392475781245
0.91, 2880.3715418935985
0.91, 2930.3165075386396
0.91, 2906.905062395387
0.91, 2886.1043445811783
0.91, 2790.0335759812233
0.91, 2936.425526293071
0.91, 2781.4488340516837
0.91, 2846.5693197262
0.91, 2778.2069477608816
0.91, 2802.647888335723
0.91, 2816.8043539928076
0.91, 2838.69270796543
0.91, 2868.506612749216
0.91, 2931.803487719467
0.91, 2863.291729688498
0.91, 2839.445225183284
0.91, 2742.4010103449145
0.91, 2826.04456423084
0.91, 2808.379122714703
0.91, 2874.6018863231357
0.91, 2893.995785363962
0.91, 2842.675139569143
0.91, 2826.3730786987926
0.91, 2900.626241289602
0.91, 2745.0070474474624
0.91, 2934.941855984365
0.91, 2867.494359451766
0.91, 2851.216904454318
0.91, 2860.1527626568077
0.91, 2775.46450309917
0.91, 2921.4184283570303
0.91, 2911.2811118505965
0.91, 2878.100432091904
0.91, 2879.4624688196523
0.91, 2781.9814226744725
0.91, 2840.190663040827
0.91, 2869.672443184331
0.91, 2796.2160061702225
0.91, 2913.3803773343097
0.91, 2902.913260132176
0.91, 2848.545660369901
0.91, 2850.9118684938594
0.91, 2859.57493045485
0.91, 2911.189286790569
0.91, 2781.895661089284
0.91, 2844.794112051871
0.91, 2832.656742471294
0.91, 2858.211173910668
0.91, 2768.3081743884213
0.91, 2883.371709144245
0.91, 2756.62760925165
0.91, 2914.4825668080857
0.91, 2852.6533729071807
0.91, 2827.5786620012673
0.92, 2848.4057584912307
0.92, 2869.865638321308
0.92, 2858.9853143278415
0.92, 2769.329616456022
0.92, 2985.107234023998
0.92, 2891.1832337350234
0.92, 2746.284215887349
0.92, 2815.210949621177
0.92, 2802.300585983621
0.92, 2810.604594711373
0.92, 2890.1304249111017
0.92, 2852.054034589718
0.92, 2818.1731776987626
0.92, 2889.391296776823
0.92, 2854.409522207861
0.92, 2802.051965040938
0.92, 2945.385019204934
0.92, 2850.203163715303
0.92, 2822.0101031090403
0.92, 2841.072431277367
0.92, 2827.701224149739
0.92, 2873.4403533427135
0.92, 2853.76713237551
0.92, 2881.475605613661
0.92, 2826.9452350145634
0.92, 2937.173101136493
0.92, 2765.4241924106327
0.92, 2920.738287767068
0.92, 2789.0809033532955
0.92, 2881.0468355790163
0.92, 2855.9354876103935
0.92, 2815.5618007671906
0.92, 2804.889146967457
0.92, 2828.77324914996
0.92, 2838.5381570711165
0.92, 2817.1445714468364
0.92, 2880.903165371606
0.92, 2911.165447319076
0.92, 2849.506671523242
0.92, 2892.5472353099967
0.92, 2826.3825264667053
0.92, 2902.6189166819668
0.92, 2754.2795929566196
0.92, 2914.735975709707
0.92, 2838.3922327280684
0.92, 2941.755253712756
0.92, 2795.211241767554
0.92, 2876.745843048527
0.92, 2804.0371047896306
0.92, 2833.9536266102305
0.92, 2816.5501688107483
0.92, 2857.9337558100747
0.92, 2796.513973265768
0.92, 2984.8224181038863
0.92, 2893.9352676434955
0.92, 2933.9550992522263
0.92, 2901.0005997467197
0.92, 2868.4196423746316
0.92, 2917.8228157467174
0.92, 2803.212066512902
0.92, 2844.6639596880455
0.92, 2858.618121823729
0.92, 2862.9859392708063
0.92, 2889.606851557753
0.92, 2960.3911302673537
0.92, 2896.1692314934276
0.92, 2952.965065579681
0.92, 2831.5388921632084
0.92, 2900.264385789094
0.92, 2941.058290445311
0.92, 2910.2996352913588
0.92, 2884.897975166106
0.92, 2943.1786074902825
0.92, 2865.310901725266
0.92, 2901.304664908738
0.92, 2898.604634080594
0.92, 2807.2223464262693
0.92, 2815.464929026325
0.92, 2858.1473715936695
0.92, 2857.2714509950965
0.92, 2899.684577351192
0.92, 2903.6081276442665
0.92, 2905.869261171255
0.92, 2852.4360102024457
0.92, 2901.6515694569416
0.92, 2864.0900809508007
0.92, 2894.9487343297264
0.92, 2793.740532587005
0.92, 2789.008282410164
0.92, 2857.1904185634903
0.92, 2879.559902368114
0.92, 2934.929847608233
0.92, 2833.07174713713
0.92, 2829.484223402279
0.92, 2808.1765713928125
0.92, 2811.6883027468657
0.92, 2919.047753724459
0.92, 2869.427740984332
0.92, 2826.6750957222807
0.92, 2946.0654441367897
0.93, 2840.2755680426235
0.93, 2750.6294769762385
0.93, 2817.5215091351974
0.93, 3030.966286707366
0.93, 2828.9036958254096
0.93, 2900.9307174971736
0.93, 2838.27430051173
0.93, 2969.175689439524
0.93, 2798.950420264007
0.93, 2949.1263496996357
0.93, 2783.33941242802
0.93, 2860.5015351445286
0.93, 2812.8125657804862
0.93, 2944.8381391268604
0.93, 2906.086362434707
0.93, 2852.026673525463
0.93, 2791.4240050001918
0.93, 2898.30401180689
0.93, 2914.7291837764947
0.93, 2872.070957661832
0.93, 2830.4878112763954
0.93, 3012.1613337675435
0.93, 2840.797158797266
0.93, 2794.3770358560255
0.93, 2771.738738587664
0.93, 2790.7666611086465
0.93, 2837.5910450265415
0.93, 2846.672714856572
0.93, 2710.1589444324404
0.93, 2945.837171048727
0.93, 2835.8986843323128
0.93, 2824.787936798136
0.93, 2882.250578765128
0.93, 2788.9487818351145
0.93, 2821.8100577289742
0.93, 2813.886245630524
0.93, 2782.669382339692
0.93, 2957.35932280145
0.93, 2973.606073867598
0.93, 2897.3978791569825
0.93, 2828.690475857451
0.93, 2839.5865068737153
0.93, 2852.79010514115
0.93, 2835.3778364696004
0.93, 2833.144105078483
0.93, 2848.0957575073207
0.93, 2903.717103448718
0.93, 2846.5670179408653
0.93, 2867.7774621647736
0.93, 2829.6824336593136
0.93, 2800.071531162453
0.93, 2821.19799468241
0.93, 2912.123227264555
0.93, 2802.652165761582
0.93, 2913.722294087496
0.93, 2951.6569747498
0.93, 2902.1648446947916
0.93, 2903.0881675107717
0.93, 2859.761920594205
0.93, 2853.9271936711657
0.93, 2861.7952073857555
0.93, 2781.0518434767205
0.93, 2876.3045735616784
0.93, 2865.0087359668014
0.93, 2863.931808092262
0.93, 2825.0811736892733
0.93, 2810.5236054138
0.93, 2989.870645474405
0.93, 2717.3887744087597
0.93, 2829.4291385408123
0.93, 2927.0995108209413
0.93, 2743.1346144137697
0.93, 2834.253429727463
0.93, 2748.1828748854005
0.93, 2889.527302661613
0.93, 2836.663435697499
0.93, 2851.280485489855
0.93, 2845.8027247789864
0.93, 2859.026336123312
0.93, 2906.313796131506
0.93, 2868.773257079952
0.93, 2907.6318172686683
0.93, 2916.4395862251126
0.93, 2839.852263661001
0.93, 2934.4080058421346
0.93, 2827.4189876929413
0.93, 2963.2112717493155
0.93, 2929.8208861631915
0.93, 2809.1822400503806
0.93, 2802.984568167838
0.93, 2844.261303162896
0.93, 2867.4377598957794
0.93, 2977.400910706578
0.93, 2865.851453272341
0.93, 2928.9703915191126
0.93, 2825.695421581711
0.93, 2948.1678771639504
0.93, 2797.356690791404
0.93, 2780.606656513511
0.93, 2847.55986193124
0.9400000000000001, 2805.1524008540378
0.9400000000000001, 2949.8105354736444
0.9400000000000001, 2879.886285766702
0.9400000000000001, 2878.6257653080143
0.9400000000000001, 2834.2987053383526
0.9400000000000001, 2947.59088947533
0.9400000000000001, 2855.8006345609333
0.9400000000000001, 2861.348757121015
0.9400000000000001, 2835.04514827677
0.9400000000000001, 2820.354186197915
0.9400000000000001, 2809.639184505102
0.9400000000000001, 2979.3949994801696
0.9400000000000001, 2929.416581769956
0.9400000000000001, 2869.9439156440753
0.9400000000000001, 2831.861600686075
0.9400000000000001, 2680.97850005693
0.9400000000000001, 2838.033624723243
0.9400000000000001, 2812.040400534889
0.9400000000000001, 2828.0763631984896
0.9400000000000001, 2945.9998262707213
0.9400000000000001, 2776.6388119008934
0.9400000000000001, 2823.085530513129
0.9400000000000001, 2875.105573062458
0.9400000000000001, 2835.0991957165124
0.9400000000000001, 2738.4421278100735
0.9400000000000001, 2860.071591695321
0.9400000000000001, 2909.185903729874
0.9400000000000001, 2813.9828372508
0.9400000000000001, 2778.4833808320573
0.9400000000000001, 2853.5156817669726
0.9400000000000001, 2922.0135970176875
0.9400000000000001, 2908.3265200252094
0.9400000000000001, 2779.6497355687106
0.9400000000000001, 2860.809033750254
0.9400000000000001, 2828.6808534973393
0.9400000000000001, 2827.6691464036503
0.9400000000000001, 2918.448054387814
0.9400000000000001, 2815.570582865515
0.9400000000000001, 2795.7127705839566
0.9400000000000001, 2849.106737035434
0.9400000000000001, 2856.6851088525173
0.9400000000000001, 2836.744771950885
0.9400000000000001, 2781.6125098155308
0.9400000000000001, 2811.828325370635
0.9400000000000001, 2900.998087259853
0.9400000000000001, 2953.202926076012
0.9400000000000001, 2824.290202675249
0.9400000000000001, 2770.883130846275
0.9400000000000001, 2887.9415522145005
0.9400000000000001, 2857.3554132998715
0.9400000000000001, 2801.0102834923773
0.9400000000000001, 2737.855283482104
0.9400000000000001, 2758.666546011113
0.9400000000000001, 2781.774252437048
0.9400000000000001, 2838.571995372543
0.9400000000000001, 2815.8486410926375
0.9400000000000001, 2815.7291400627837
0.9400000000000001, 2865.4577010776275
0.9400000000000001, 2855.5451767301943
0.9400000000000001, 2860.3985877862756
0.9400000000000001, 2906.996511935833
0.9400000000000001, 2854.648406056851
0.9400000000000001, 2809.688563096743
0.9400000000000001, 2856.269976727394
0.9400000000000001, 2865.977750239505
0.9400000000000001, 2862.40637365166
0.9400000000000001, 2861.359335516824
0.9400000000000001, 2880.679616578319
0.9400000000000001, 2893.3976890644926
0.9400000000000001, 2798.605663433131
0.9400000000000001, 2878.285659771688
0.9400000000000001, 2807.783739121673
0.9400000000000001, 2913.1286712188876
0.9400000000000001, 2803.1117819718675
0.9400000000000001, 2834.472232830005
0.9400000000000001, 2899.8666164445003
0.9400000000000001, 2937.189167595706
0.9400000000000001, 2814.8558734436006
0.9400000000000001, 2802.1279346829983
0.9400000000000001, 2799.598018208501
0.9400000000000001, 2886.4064609362404
0.9400000000000001, 2887.161277241209
0.9400000000000001, 2778.7954937311965
0.9400000000000001, 2878.330679235092
0.9400000000000001, 2976.982142734213
0.9400000000000001, 2943.069697226577
0.9400000000000001, 2854.929895204346
0.9400000000000001, 2922.0846435723656
0.9400000000000001, 2945.3059151004954
0.9400000000000001, 2857.847215316272
0.9400000000000001, 2815.2724452450416
0.9400000000000001, 2887.8847694541614
0.9400000000000001, 2832.3007187849576
0.9400000000000001, 2902.1706869344134
0.9400000000000001, 2897.04591155838
0.9400000000000001, 2928.761119774623
0.9400000000000001, 2836.8203217643068
0.9400000000000001, 2800.9537041305434
0.9400000000000001, 2837.3030424914987
0.9400000000000001, 2859.4856715792635
0.95, 2907.220927383553
0.95, 2746.484898247958
0.95, 2771.6010106643976
0.95, 2812.211136037651
0.95, 2892.0909913253895
0.95, 2876.397006598966
0.95, 2900.1599359850084
0.95, 2798.8860975052467
0.95, 2858.7944003803295
0.95, 2815.5681547248637
0.95, 2867.587321999433
0.95, 2756.9542798678103
0.95, 2839.0554807881053
0.95, 2860.1686754090106
0.95, 2901.395514110034
0.95, 2861.2538686297444
0.95, 2869.870138445692
0.95, 2954.097931669037
0.95, 2801.7297431514635
0.95, 2853.182787503221
0.95, 2844.0645741440917
0.95, 2838.619394797677
0.95, 2826.5874038875827
0.95, 2800.116049099611
0.95, 2948.708164536155
0.95, 2884.914587584113
0.95, 2818.1404442976545
0.95, 2844.2422977832257
0.95, 2924.6828656740104
0.95, 2916.1045027247424
0.95, 2825.1980350932267
0.95, 2791.652669595034
0.95, 2881.45803189091
0.95, 2892.623875926082
0.95, 2899.4390631206784
0.95, 2825.5257899566827
0.95, 2875.4194772903866
0.95, 2844.4821219149944
0.95, 2750.6906523095718
0.95, 2841.225578362355
0.95, 2796.822203223939
0.95, 2953.327795892236
0.95, 2808.256667365809
0.95, 2812.2559094295466
0.95, 2920.3054115476393
0.95, 2928.8901607218822
0.95, 2756.752177584735
0.95, 2834.4534862229443
0.95, 2861.7197632540688
0.95, 2812.5532719595603
0.95, 2736.8182903479324
0.95, 2807.3450247600435
0.95, 2853.481225971955
0.95, 2868.4185797331465
0.95, 2934.669512676397
0.95, 2708.8747316380095
0.95, 2836.5846222534246
0.95, 2862.2488580723416
0.95, 2728.861787626137
0.95, 2855.560445861573
0.95, 2828.2278196416655
0.95, 2849.9236714632048
0.95, 2765.1827266075907
0.95, 2911.0468963709995
0.95, 2799.3115969044347
0.95, 2828.509220581721
0.95, 2887.9815385979355
0.95, 2859.5426115176715
0.95, 2849.5812629786874
0.95, 2807.381023825524
0.95, 2835.709040769447
0.95, 2922.8167627072025
0.95, 2842.8723867233534
0.95, 2765.8778101938274
0.95, 2898.9655066431064
0.95, 2910.211124578124
0.95, 2826.61078214201
0.95, 2856.5754893563994
0.95, 2803.353579388036
0.95, 2876.052389029674
0.95, 2871.8824884309365
0.95, 2773.0896900995444
0.95, 2805.742424990153
0.95, 2814.471782738283
0.95, 2780.633297899471
0.95, 2873.0996797275593
0.95, 2901.100045060974
0.95, 2827.15925418989
0.95, 2872.1649787292563
0.95, 2968.243338551927
0.95, 2825.873569915722
0.95, 2868.2027137016084
0.95, 2804.1915427254175
0.95, 2843.061114275645
0.95, 2864.256965019694
0.95, 2907.3089700232895
0.95, 2862.996059022365
0.95, 2908.1913005760903
0.95, 2883.832850230338
0.95, 2922.0477117994733
0.96, 2866.6349185411145
0.96, 2843.2222517876
0.96, 2853.0000566742747
0.96, 2825.0674817169565
0.96, 2915.7521473413713
0.96, 2829.6662766124196
0.96, 2830.2027210212273
0.96, 2782.695763652514
0.96, 2910.526272248755
0.96, 2819.002434455075
0.96, 2808.996324044956
0.96, 2866.6127956548844
0.96, 2835.752538509425
0.96, 2799.8836365951265
0.96, 2884.740502518877
0.96, 2836.073368857557
0.96, 2804.225748789736
0.96, 2870.4963085299923
0.96, 2826.921563537806
0.96, 2859.1053897766897
0.96, 2838.1469127470887
0.96, 2773.250152806825
0.96, 2903.5536125199296
0.96, 2872.590297845295
0.96, 2814.357828988925
0.96, 2823.4421367199852
0.96, 2757.4383600386877
0.96, 2781.0968734656453
0.96, 2993.110926721273
0.96, 2885.9637487375617
0.96, 2902.4910041917547
0.96, 2786.754405171077
0.96, 2905.063660875393
0.96, 2880.517820805969
0.96, 2835.7736554495486
0.96, 2856.676218085026
0.96, 2846.229629044265
0.96, 2852.355338062234
0.96, 2784.814419158186
0.96, 2801.141928141855
0.96, 2797.2267213105815
0.96, 2918.549968605692
0.96, 2888.063287815274
0.96, 2878.9452938263285
0.96, 2827.470493263789
0.96, 2837.389206456798
0.96, 2773.4014499995096
0.96, 2755.943155923226
0.96, 2771.0608153666058
0.96, 2824.6435083960114
0.96, 2830.3799733464416
0.96, 2795.6885971555766
0.96, 2853.005583781019
0.96, 2894.904287653988
0.96, 2874.489653852424
0.96, 2817.722018001258
0.96, 2842.990283720654
0.96, 2889.124614811419
0.96, 2741.1927590671244
0.96, 2879.1939398531476
0.96, 2842.320562320874
0.96, 2868.482922994212
0.96, 2874.988087295848
0.96, 2867.7238881339463
0.96, 2777.342455213808
0.96, 2970.513831259475
0.96, 2829.3058790538275
0.96, 2861.5011653447077
0.96, 2794.8317181939055
0.96, 2813.3670412225465
0.96, 2844.2488778539155
0.96, 2871.167550052548
0.96, 2856.844992128696
0.96, 2800.075443040747
0.96, 2808.057588407787
0.96, 2773.46198079452
0.96, 2885.8299103138984
0.96, 2911.0630621400387
0.96, 2988.4253153674945
0.96, 2829.396623998287
0.96, 2812.970750363426
0.96, 2834.9082530027345
0.96, 2844.523604258418
0.96, 2827.902835236241
0.96, 2715.8670754596787
0.96, 2811.6745982042416
0.96, 2795.5021654406614
0.96, 2789.0744443890526
0.96, 2842.398364208199
0.96, 2893.998015493688
0.96, 2830.678685421605
0.96, 2822.3024163177315
0.96, 2770.689405612885
0.96, 2880.1607657143686
0.96, 2939.3846964102545
0.96, 2795.7479717146034
0.96, 2797.0695243003056
0.96, 2748.810238974116
0.96, 2941.723980009856
0.96, 2794.994093322778
0.97, 2853.1081619033384
0.97, 2900.8984961325405
0.97, 2843.2145251710026
0.97, 2876.022442837097
0.97, 2821.384152568878
0.97, 2822.9922390564197
0.97, 2885.075457053254
0.97, 2899.5883601151813
0.97, 2799.3207170612573
0.97, 2836.4746306926127
0.97, 2821.882515279599
0.97, 2937.559472680079
0.97, 2785.9851404307324
0.97, 2791.876734817407
0.97, 2727.812809459667
0.97, 2878.7394274106673
0.97, 2770.980790156676
0.97, 2872.016387479337
0.97, 2880.0546119722185
0.97, 2859.1479098103523
0.97, 2850.91796249788
0.97, 2762.0187908496077
0.97, 2820.6122554110325
0.97, 2797.2096894046226
0.97, 2854.03795903455
0.97, 2906.5158594998156
0.97, 2903.9754783401486
0.97, 2870.7733390981607
0.97, 2854.0211791685942
0.97, 2837.8841056874207
0.97, 2920.8752411596956
0.97, 2721.5003648649918
0.97, 2858.602640094548
0.97, 2766.1749553856066
0.97, 2772.5607083084046
0.97, 2819.0733337476854
0.97, 2845.8981824256584
0.97, 2909.8258222274562
0.97, 2891.1343472891767
0.97, 2936.8309595352152
0.97, 2786.3439916200405
0.97, 2848.515042298035
0.97, 2718.1795894119077
0.97, 2736.1308142592716
0.97, 2921.317997984813
0.97, 2893.0992985615135
0.97, 2826.9841742302738
0.97, 2871.9433567034066
0.97, 2874.585155790524
0.97, 2714.302797477107
0.97, 2858.884960842661
0.97, 2851.248733565015
0.97, 2756.470551803814
0.97, 2828.1685294464337
0.97, 2927.0302617159455
0.97, 2956.993701682549
0.97, 2821.2801381981335
0.97, 2835.1278830714587
0.97, 2835.226713179967
0.97, 2900.5855865488647
0.97, 2898.4424126129616
0.97, 2906.189379515463
0.97, 2752.0664638806156
0.97, 2845.8150475394946
0.97, 2860.1460221569346
0.97, 2794.334846831554
0.97, 2848.696840307682
0.97, 2922.5579361030755
0.97, 2845.512608885392
0.97, 2849.4169530014206
0.97, 2831.013443632228
0.97, 2824.711909802116
0.97, 2889.5258184136264
0.97, 2927.1186886084824
0.97, 2933.227677410468
0.97, 2861.694570724438
0.97, 2775.4148016920844
0.97, 3019.316483818021
0.97, 2878.431458848037
0.97, 2920.504314045971
0.97, 2851.1128651276176
0.97, 2820.506334076574
0.97, 2825.2068783320224
0.97, 2725.0854660898035
0.97, 2879.1578806417374
0.97, 2862.9022987424255
0.97, 2849.0004879088906
0.97, 2804.1103620360495
0.97, 2904.0923850942886
0.97, 2752.02392260153
0.97, 2739.9852491331576
0.97, 2873.1566977865114
0.97, 2778.2254586868153
0.97, 2786.3765859580494
0.97, 2771.4435486446723
0.97, 2849.7124207035904
0.97, 2800.021734271525
0.97, 2895.800893428889
0.97, 2884.9122019873184
0.97, 2858.8184419798777
0.98, 2789.012699642659
0.98, 2904.6028865210333
0.98, 2736.856510634293
0.98, 2800.8360180538493
0.98, 2859.6076406228185
0.98, 2818.8646291032965
0.98, 2909.5117248883053
0.98, 2767.678823977706
0.98, 2788.5292333786338
0.98, 2772.0946297231003
0.98, 2875.542238281296
0.98, 2820.615010865524
0.98, 2730.629820735175
0.98, 2876.711216934689
0.98, 2839.307399438483
0.98, 2838.9944671376275
0.98, 2898.5817879494302
0.98, 2838.7912746195757
0.98, 2867.74429852365
0.98, 2840.677563183016
0.98, 2845.971749567834
0.98, 2864.6423773123865
0.98, 2865.2554760175526
0.98, 2737.2444276930246
0.98, 2902.8885995941278
0.98, 2800.504960186927
0.98, 2888.239110442438
0.98, 2926.473272880624
0.98, 2804.24486997418
0.98, 2809.8992691010835
0.98, 2901.7440418752044
0.98, 2876.9445931452474
0.98, 2804.208026245167
0.98, 2788.035840738446
0.98, 2850.572188577028
0.98, 2922.1638654872136
0.98, 2842.2079066835954
0.98, 2858.8599232031484
0.98, 2913.9094369181807
0.98, 2879.416955892902
0.98, 2859.7630422726556
0.98, 2857.088921295161
0.98, 2810.83274462147
0.98, 2870.947073007983
0.98, 2859.2842822485622
0.98, 2827.624835612251
0.98, 2881.0915691048035
0.98, 2822.951886583354
0.98, 2872.9781004406987
0.98, 2920.6407662831425
0.98, 2830.5050533513986
0.98, 2873.8785071991338
0.98, 2844.660323500288
0.98, 2896.280600619997
0.98, 2700.141400562466
0.98, 2768.166560511328
0.98, 2770.614079506879
0.98, 2792.446597300075
0.98, 2766.0629054007422
0.98, 2855.341210814834
0.98, 2861.6365990814465
0.98, 2745.4886875122447
0.98, 2931.436349943668
0.98, 2855.517346865948
0.98, 2772.5914827390575
0.98, 2855.3987126580373
0.98, 2842.8335936830395
0.98, 2904.4327406941593
0.98, 2825.283807745798
0.98, 2884.145638263509
0.98, 2826.1804567843083
0.98, 2783.8672378127817
0.98, 2883.5429687038686
0.98, 2770.356106269082
0.98, 2911.7982433819875
0.98, 2895.7266421919317
0.98, 2741.958363258215
0.98, 2854.1174371651277
0.98, 2956.8751796325823
0.98, 2757.7351639569233
0.98, 2768.626180234632
0.98, 2828.346712971136
0.98, 2774.433936534936
0.98, 2795.919043813238
0.98, 2832.205042713344
0.98, 2861.8870760019786
0.98, 2691.1152871681043
0.98, 2890.12591559371
0.98, 2782.519880555362
0.98, 2823.493904618586
0.98, 2929.749337467695
0.98, 2794.9558325847115
0.98, 2860.839102255696
0.98, 2905.881976914632
0.98, 2805.245833731504
0.98, 2841.620588046625
0.98, 2901.0877648281594
0.98, 2815.180140230722
0.98, 2821.8715719271154
0.98, 2879.556342959342
0.99, 2829.1037746250245
0.99, 2868.064442939149
0.99, 2830.388969188796
0.99, 2824.5116562072967
0.99, 2858.2906707956263
0.99, 2847.7514111303853
0.99, 2920.4161976615383
0.99, 2928.216273593499
0.99, 2846.2591713498928
0.99, 2901.6028258800866
0.99, 2733.0951209050977
0.99, 2836.0861203541517
0.99, 2847.4406381027316
0.99, 2819.9229396973847
0.99, 2813.8431624303416
0.99, 2851.0994674001345
0.99, 2813.754551497535
0.99, 2814.536982561929
0.99, 2772.499995644233
0.99, 2846.7989155147493
0.99, 2751.494550549306
0.99, 2754.9091204661086
0.99, 2777.7325372085406
0.99, 2723.54218318947
0.99, 2821.8042197163372
0.99, 2752.4153591311742
0.99, 2856.3062970560422
0.99, 2894.4207832434868
0.99, 2879.5708452641206
0.99, 2763.76907279525
0.99, 2800.4389344624265
0.99, 2795.8525923079196
0.99, 2858.567605688168
0.99, 2847.7712187859875
0.99, 2807.66805103778
0.99, 2859.9632620312987
0.99, 2745.661931959568
0.99, 2873.410748616509
0.99, 2808.650653315748
0.99, 2839.1997293967574
0.99, 2881.6449750069287
0.99, 2767.035690266074
0.99, 2862.835048347923
0.99, 2828.2627619627137
0.99, 2758.5304163461383
0.99, 2829.4175129872838
0.99, 2849.8874485993297
0.99, 2883.470877406071
0.99, 2822.2908932684486
0.99, 2795.242388798695
0.99, 2829.582502408842
0.99, 2817.6332533984723
0.99, 2837.4273885857665
0.99, 2838.809475716049
0.99, 2903.518686051842
0.99, 2857.102488429238
0.99, 2749.00108303788
0.99, 2821.1972584115438
0.99, 2916.289544119939
0.99, 2842.96567511863
0.99, 2868.0758218602723
0.99, 2835.960235906605
0.99, 2772.7238772682363
0.99, 2743.4144806823806
0.99, 2860.99399624437
0.99, 2907.4069001917633
0.99, 2828.320375067723
0.99, 2786.087080587515
0.99, 2807.6060537158255
0.99, 2845.1728634124884
0.99, 2812.930072378544
0.99, 2795.967969771942
0.99, 2910.66102359796
0.99, 2867.8054998820385
0.99, 2747.0133030826196
0.99, 2859.645503972667
0.99, 2882.5965264520237
0.99, 2867.116754962454
0.99, 2888.230462872341
0.99, 2812.9874401470097
0.99, 2873.880725668296
0.99, 2836.53045080505
0.99, 2837.707744059434
0.99, 2822.764984662499
0.99, 2872.191351322001
0.99, 2899.211511357549
0.99, 2858.9873404885784
0.99, 2795.434735369594
0.99, 2814.3226426594697
0.99, 2935.1788728646657
0.99, 2810.454061030938
0.99, 2897.3088023347286
0.99, 2827.2706758253635
0.99, 2790.7656232134495
0.99, 2830.507468175676
0.99, 2881.4095641117387
0.99, 2828.8622607878933
0.99, 2829.0243965554046
0.99, 2861.012511504771
0.99, 2807.8802769231206
0.98, 2915.636554226417
0.982111111111111, 2949.9857436709835
0.9842222222222222, 2836.319098289126
0.9863333333333333, 2827.8846559474073
0.9884444444444445, 2795.220311931082
0.9905555555555555, 2843.0007058357396
0.9926666666666667, 2781.6584800598916
0.9947777777777778, 2857.2924868470295
0.9968888888888889, 2719.1051155558775
0.999, 2687.686877545043
0.98, 2890.066754707823
0.982111111111111, 2717.103680669336
0.9842222222222222, 2886.6387573243815
0.9863333333333333, 2811.436831742558
0.9884444444444445, 2726.5039697741367
0.9905555555555555, 2789.463559625707
0.9926666666666667, 2742.2748280561627
0.9947777777777778, 2767.0349176152713
0.9968888888888889, 2786.1192414283832
0.999, 2637.842298506854
0.98, 2791.390429347898
0.982111111111111, 2863.9364344240034
0.9842222222222222, 2845.69209025073
0.9863333333333333, 2909.9014202912313
0.9884444444444445, 2854.6356808511464
0.9905555555555555, 2770.778982307472
0.9926666666666667, 2850.50897411298
0.9947777777777778, 2826.488810300038
0.9968888888888889, 2768.9151813952794
0.999, 2714.74583827574
0.98, 2839.0035371444014
0.982111111111111, 2857.7503112085287
0.9842222222222222, 2884.682877391555
0.9863333333333333, 2789.4568812086136
0.9884444444444445, 2788.812593085151
0.9905555555555555, 2835.2486637313127
0.9926666666666667, 2859.4120078384785
0.9947777777777778, 2774.625783908928
0.9968888888888889, 2751.5821005399243
0.999, 2743.057186144304
0.98, 2826.3509560299512
0.982111111111111, 2777.9907463227296
0.9842222222222222, 2889.3931697726352
0.9863333333333333, 2802.507151651085
0.9884444444444445, 2863.2486042165606
0.9905555555555555, 2816.6263706866876
0.9926666666666667, 2794.096302465612
0.9947777777777778, 2817.4864924437798
0.9968888888888889, 2826.230956466519
0.999, 2697.0352889342475
0.98, 2812.639171540417
0.982111111111111, 2858.0539949187587
0.9842222222222222, 2922.9275770659583
0.9863333333333333, 2845.3734266063175
0.9884444444444445, 2727.458939322212
0.9905555555555555, 2808.1009137529522
0.9926666666666667, 2844.472794933163
0.9947777777777778, 2788.792827118549
0.9968888888888889, 2771.6584881629415
0.999, 2683.608710000803
0.98, 2878.5549173066092
0.982111111111111, 2863.23833843679
0.9842222222222222, 2861.5197608676326
0.98, 2876.523986146865
0.982111111111111, 2894.24138293141
0.9842222222222222, 2902.1985693906945
0.9863333333333333, 2837.352592682474
0.9884444444444445, 2834.0643355836246
0.9905555555555555, 2867.9083297052775
0.9926666666666667, 2818.1114981429077
0.9947777777777778, 2763.874784455753
0.9968888888888889, 2730.5053514775254
0.999, 2698.207221099939
0.98, 2956.317187187383
0.982111111111111, 2807.4778849337204
0.9842222222222222, 2926.9283809009517
0.9863333333333333, 2815.020380925708
0.9884444444444445, 2778.9235873509765
0.9905555555555555, 2766.9860010910047
0.9926666666666667, 2886.3128654618545
0.9947777777777778, 2741.1062460072444
0.9968888888888889, 2729.5187861769737
0.999, 2715.156565926015
0.98, 2854.172208358997
0.982111111111111, 2874.2792207879465
0.9842222222222222, 2805.4392770508484
0.9863333333333333, 2773.4361616091237
0.9884444444444445, 2796.786321281692
0.9905555555555555, 2827.8873355045157
0.9926666666666667, 2852.0703513564927
0.9947777777777778, 2779.0097921204415
0.9968888888888889, 2698.1887354978103
0.999, 2709.806605364712
0.98, 2882.3328907423993
0.982111111111111, 2901.2157892456044
0.9842222222222222, 2839.4415381135777
0.9863333333333333, 2777.9412639460334
0.9884444444444445, 2749.458789095642
0.9905555555555555, 2823.078197645747
0.9926666666666667, 2809.8227527965605
0.9947777777777778, 2793.7656459042973
0.9968888888888889, 2796.3061145174875
0.999, 2674.5298175214393
0.98, 2814.1969719125327
0.982111111111111, 2758.5115313218175
