0.9, 2882.387550233723
0.911, 2806.8038715765506
0.922, 2786.727235553457
0.933, 2805.0499685110867
0.9440000000000001, 2837.032839282381
0.955, 2715.686605234399
0.966, 2832.938504994395
0.977, 2886.1231365628
0.988, 2748.238559124806
0.999, 21615.269401304282
0.9, 2830.266284720034
0.911, 2820.4387302559126
0.922, 2824.7319566761457
0.933, 2882.7663791943455
0.9440000000000001, 2853.9622947524117
0.955, 2865.436476448735
0.966, 2818.5918460271128
0.977, 2841.593918516375
0.988, 2885.015149995994
0.999, 19914.259938053405
0.9, 2819.6528628099627
0.911, 2861.89601699992
0.922, 2811.596298894435
0.933, 2924.415692029524
0.9440000000000001, 2870.5138068807137
0.955, 2830.3123368111255
0.966, 2822.724853286567
0.977, 2841.4736637639244
0.988, 2844.851255634024
0.999, 20072.426169543167
0.9, 2785.031663841151
0.911, 2887.4557338385066
0.922, 2759.489472288721
0.933, 2874.488968578906
0.9440000000000001, 2713.954855584401
0.955, 2802.0622654920235
0.966, 2899.87172334527
0.977, 2794.21009574121
0.988, 2791.833749542023
0.999, 23067.77964785977
0.9, 2878.0197607033742
0.911, 2938.208703889301
0.922, 2776.1539730760674
0.933, 2853.3424435734946
0.9440000000000001, 2842.8034431353176
0.955, 2764.5846794967883
0.966, 2880.017928752456
0.977, 2901.450254040751
0.988, 2826.3260032938006
0.999, 22679.704543917524
0.9, 2846.4849664110793
0.911, 2880.045551234307
0.922, 2812.60361342827
0.933, 2856.5647240523226
0.9440000000000001, 2927.315766616266
0.955, 2843.3771424967213
0.966, 2833.061149084793
0.977, 2858.1084637522486
0.988, 2826.7601556264854
0.999, 21076.346798538067
0.9, 2838.6917931760845
0.911, 2815.838010975894
0.922, 2874.269555370749
0.933, 2903.7433174771736
0.9440000000000001, 2836.3726618199858
0.955, 2802.7877961225163
0.966, 2848.555700511199
0.977, 2770.867751750973
0.988, 2777.734144510965
0.999, 21598.51089376813
0.9, 2890.761334231797
0.911, 2772.148363698015
0.922, 2714.6387614396085
0.933, 2828.9666508848327
0.9440000000000001, 2736.8103544200508
0.955, 2731.128156472856
0.966, 2864.7891386508727
0.977, 2826.01758433299
0.988, 2780.0405835270885
0.999, 22136.992713517488
0.9, 2814.1512024732274
0.911, 2828.24262923028
0.922, 2850.2912920152917
0.933, 2875.0909685890483
0.9440000000000001, 2722.7289367524054
0.955, 2919.684005090709
0.966, 2794.5986293224755
0.977, 2799.012857438839
0.988, 2840.008292141232
0.999, 22667.699149112796
0.9, 2815.2581564336115
0.911, 2845.2831623184834
0.922, 2817.3114766482386
0.933, 2790.800595250515
0.9440000000000001, 2872.4215119693063
0.955, 2877.459281462153
0.966, 2854.740228504678
0.977, 2893.02501753984
0.988, 2792.6139464221123
0.999, 19989.79944468222
0.9, 2909.7005170658626
0.911, 2853.2824370825074
0.922, 2863.84242819564
0.933, 2782.401361233832
0.9440000000000001, 2898.390614003447
0.955, 2835.4212438074137
0.966, 2834.6451870953347
0.977, 2885.3532014401744
0.988, 2787.743290405896
0.999, 22414.59975981388
0.9, 2887.6813771745356
0.911, 2832.0870638870306
0.922, 2850.089807919254
0.933, 2772.181579706214
0.9440000000000001, 2789.6454526076495
0.955, 2800.9978946934034
0.966, 2802.8014407080946
0.977, 2854.01256405608
0.988, 2833.6055110542106
0.999, 21619.71475066424
0.9, 2812.1624244137556
0.911, 2878.294589707117
0.922, 2781.2118234492746
0.933, 2834.2537956816177
0.9440000000000001, 2891.3037465046214
0.955, 2735.7308059766606
0.966, 2805.3463561106323
0.977, 2866.0603721734333
0.988, 2663.9444208958093
0.999, 21079.630480467677
0.9, 2907.3436587966107
0.911, 2925.9109938047773
0.922, 2772.203270822905
0.933, 2735.9409595358684
0.9440000000000001, 2728.2633856960656
0.955, 2800.701757946007
0.966, 2852.3630665303754
0.977, 2854.6796815795255
0.988, 2797.303387648678
0.999, 20614.500498198417
0.9, 2878.696257238686
0.911, 2858.7552123943906
0.922, 2859.7631614249526
0.933, 2829.2441260968435
0.9, 2861.529855822529
0.911, 2845.184392860362
0.922, 2858.4230840909127
0.933, 2850.1579043485467
0.9440000000000001, 2808.458156075737
0.955, 2806.2226110529577
0.966, 2704.524065250371
0.977, 2839.9285169009536
0.988, 2774.1829557663464
0.999, 21160.940894396917
0.9, 2898.0166372687977
0.911, 2808.932402061927
0.922, 2767.9636105872046
0.933, 2854.1931263706215
0.9440000000000001, 2843.4322494667567
0.955, 2778.4820000383356
0.966, 2885.6606350340285
0.977, 2731.0733597930225
0.988, 2769.5542340156867
0.999, 19632.189205564453
0.9, 2836.884262631659
0.911, 2820.254799932648
0.922, 2834.6158673401706
0.933, 2759.752781531279
0.9440000000000001, 2891.3104106462924
0.955, 2935.3820937881155
0.966, 2970.830679504169
0.977, 2763.7991694205907
0.988, 2855.3554451976006
0.999, 21421.198513543804
0.9, 2812.898454751873
0.911, 2854.8231557173663
0.922, 2735.7832739943656
0.933, 2852.857649978603
0.9440000000000001, 2803.1313699792468
0.955, 2876.6234290813195
0.966, 2837.4429208780107
0.977, 2804.831102448339
0.988, 2787.7127902732777
0.999, 22135.23163945368
0.9, 2805.814765324401
0.911, 2902.0604223089895
0.922, 2779.582848519093
0.933, 2856.9990945209115
0.9440000000000001, 2825.827851974661
0.955, 2712.969882289642
0.966, 2761.425207403501
0.977, 2724.9894134404085
0.988, 2821.92432239283
0.999, 20598.42284221662
0.9, 2891.575294030566
0.911, 2817.499509300683
0.922, 2852.5950284341347
0.933, 2878.797566929826
0.9440000000000001, 2828.0895770108386
0.955, 2778.6677621479926
0.966, 2839.0891847038683
0.977, 2874.8952909828517
0.988, 2773.764565698283
0.999, 20830.624482619438
0.9, 2816.1154490027648
0.911, 2873.4173237053333
0.922, 2961.3749210238625
0.933, 2770.4693850524245
0.9440000000000001, 2795.0446801570524
0.955, 2823.0824716214397
0.966, 2837.4026575765347
0.977, 2815.400521314403
0.988, 2837.8372521863835
0.999, 20663.11641311876
0.9, 2776.2470206658522
0.911, 2817.3417372303343
0.922, 2855.694244112695
0.933, 2860.3038002392286
0.9440000000000001, 2870.840310585181
0.955, 2840.013054596525
0.966, 2773.3641514440465
0.977, 2772.0743054489353
0.988, 2837.207061310255
0.999, 21987.045546097976
0.9, 2829.3370476183172
0.911, 2862.897743062093
0.922, 2893.589639928778
0.933, 2864.3582608366337
0.9440000000000001, 2914.5279515776983
0.955, 2863.28269505831
0.966, 2838.9348267537684
0.977, 2825.8304877425126
0.988, 2799.7432965947087
0.999, 20537.644022095086
0.9, 2836.1793935615633
0.911, 2872.4037796209054
0.922, 2872.818587760922
0.933, 2842.546907708375
0.9440000000000001, 2836.788586935832
0.955, 2783.8549188563575
0.966, 2779.7303996537044
0.977, 2701.7198819724576
0.988, 2834.6925516154365
0.999, 21845.449176816524
0.9, 2901.0782290616285
0.911, 2801.6579171345866
0.922, 2750.5670810357674
0.933, 2823.5441518754915
0.9440000000000001, 2799.990623536287
0.955, 2718.269450892561
0.966, 2856.8652088515078
0.977, 2694.7185852049774
0.988, 2846.5796102706636
0.999, 23009.617163959538
0.9, 2822.9912929218744
0.911, 2900.310460030175
0.922, 2887.499946715262
0.933, 2848.767707404924
0.9440000000000001, 2788.8372078242005
0.955, 2888.891464449182
0.966, 2781.89190075878
0.977, 2845.2653192602083
0.988, 2804.715699860171
0.999, 20688.111290285327
0.9, 2787.8865283693776
0.911, 2833.307817948852
0.922, 2756.12388174749
0.933, 2857.3304070069216
0.9440000000000001, 2868.7081282711742
0.955, 2817.7030163875743
0.966, 2882.014704383211
0.977, 2760.5432250332537
0.988, 2921.365473406058
0.999, 20854.48387643052
0.9, 2784.4105096299495
0.911, 2825.0890466262467
0.922, 2829.781876195561
0.933, 2740.315789696674
0.9440000000000001, 2915.1751438198326
0.955, 2821.0557628039214
0.966, 2853.126462022507
0.977, 2926.7808811960763
0.988, 2788.543021839502
0.999, 21837.411086078275
0.9, 2881.3489709483047
0.911, 2881.7026434024965
0.922, 2849.691168491535
0.933, 2862.3893005062537
0.9440000000000001, 2848.293119196115
0.955, 2797.2177131435656
0.966, 2862.337680080436
0.977, 2772.224610651546
0.988, 2822.6909580963097
0.999, 21609.40266096014
0.9, 2807.9500975370806
0.911, 2874.1274272373616
0.922, 2833.60084776323
0.933, 2882.268028524501
0.9440000000000001, 2797.210270164171
0.955, 2798.65167127239
0.966, 2789.9109397391353
0.977, 2810.679261582256
0.988, 2786.5800373353477
0.999, 22867.872733111708
0.9, 2873.911389414504
0.911, 2858.220055655071
0.922, 2914.4775514826856
0.933, 2866.5084070252396
0.9440000000000001, 2780.6875497306155
0.955, 2756.236251274215
0.966, 2806.1350246939774
0.977, 2845.6024838644894
0.988, 2830.615022829065
0.999, 21256.84507320784
0.9, 2891.304229449116
0.911, 2817.7554359411206
0.922, 2885.6897398895776
0.933, 2818.570375721231
0.9440000000000001, 2836.5818357877547
0.955, 2703.5772680954283
0.966, 2885.3178461080156
0.977, 2761.9972365306535
0.988, 2866.207687251984
0.999, 22122.87095157136
0.9, 2854.20574740742
0.911, 2809.946067538444
0.922, 2820.1048267759274
0.933, 2807.023457655103
0.9440000000000001, 2820.270988947157
0.955, 2785.3448585529377
0.966, 2884.637529553384
0.977, 2829.830665968727
0.988, 2791.9508101850483
0.999, 19901.172802789355
0.9, 2915.6282850265566
0.911, 2823.837674381739
0.922, 2811.375993344183
0.933, 2856.0689463814447
0.9440000000000001, 2823.0301802719314
0.955, 2813.3760536654345
0.966, 2845.9772828722193
0.977, 2766.419516452362
0.988, 2743.1661340495366
0.999, 21201.43622407588
0.9, 2860.779960855804
0.911, 2793.8786439210317
0.922, 2926.655606092923
0.933, 2783.36925365461
0.9440000000000001, 2804.271843326875
0.955, 2774.6290087898315
0.966, 2918.0807771615505
0.977, 2723.49314772573
0.988, 2826.102615010937
0.999, 22657.2830174892
0.9, 2973.705968832783
0.911, 2945.59831817732
0.922, 2852.141391688989
0.933, 2746.793203649126
0.9440000000000001, 2797.437056208608
0.955, 2687.269033600929
0.966, 2876.552432377069
0.977, 2810.714073325815
0.988, 2798.8097242030626
0.999, 22115.279013504547
0.9, 2715.6626163319106
0.911, 2859.964785218097
0.922, 2814.93315000962
0.933, 2836.7298461611954
0.9440000000000001, 2882.902135320005
0.955, 2790.32921806379
0.966, 2868.2186577319058
0.977, 2856.220536253498
0.988, 2828.798181040643
0.999, 20625.773169910837
0.9, 2838.8635971379836
0.911, 2756.8081083824704
0.922, 2830.386255430591
0.933, 2813.954096293374
0.9440000000000001, 2939.5728260372866
0.955, 2775.050167222804
0.966, 2875.7699280706265
0.977, 2774.277459089108
0.988, 2731.267423482379
0.999, 22002.196512875325
0.9, 2748.348028848634
0.911, 2807.1946316976755
0.922, 2791.2287645592205
0.933, 2833.142541497989
0.9440000000000001, 2714.4035441174574
0.955, 2782.636189460751
0.966, 2917.9249694622863
0.9, 2863.6624234783394
0.9, 2771.2350168105763
0.911, 2875.400949795799
0.922, 2885.7125007740538
0.933, 2788.3012545123115
0.9440000000000001, 2770.5987077752975
0.955, 2860.4180013900536
0.966, 2850.333254494611
0.977, 2779.827337443702
0.988, 2907.9771816683965
0.999, 21761.527915609797
0.9, 2945.184361262628
0.911, 2833.7011322638946
0.922, 2818.1161933900657
0.933, 2774.433612904383
0.9440000000000001, 2774.672987517869
0.955, 2842.1471141585967
0.966, 2939.568565744754
0.977, 2819.441157989601
0.988, 2871.151463203129
0.999, 20656.59032017419
0.9, 2759.0518274765946
0.911, 2835.703310336945
0.922, 2812.717158033085
0.933, 2802.614784420154
0.9440000000000001, 2887.651493597772
0.955, 2857.186353780135
0.966, 2900.619257194474
0.977, 2843.184761968745
0.988, 2736.7823204940632
0.999, 20149.74324950063
0.9, 2907.6009335015438
0.911, 2902.517660299026
0.922, 2914.680251818581
0.933, 2905.0579640078104
0.9440000000000001, 2784.2772689061244
0.955, 2802.9634684850803
0.966, 2857.14875488179
0.977, 2825.325457930832
0.988, 2828.254022757317
0.999, 21444.22177500034
0.9, 2961.75411621946
0.911, 2866.036250046289
0.922, 2895.0549610831986
0.933, 2902.1184693441155
0.9440000000000001, 2789.6893735401036
0.955, 2849.6725088267117
0.966, 2887.974806855377
0.977, 2766.066893305486
0.988, 2831.3731830738316
0.999, 21664.825230086113
0.9, 2826.118823827989
0.911, 2793.056637319978
0.922, 2788.5364914729084
0.933, 2895.768232759988
0.9440000000000001, 2846.420416347887
0.955, 2829.198134889253
0.966, 2832.891902025313
0.977, 2817.33163286329
0.988, 2778.239350253168
0.999, 20659.35272009475
0.9, 2845.597223094315
0.911, 2842.9764417520123
0.922, 2944.537263638653
0.933, 2827.68382242746
0.9440000000000001, 2920.72398274757
0.955, 2941.7622861246737
0.966, 2825.8494423307293
0.977, 2819.1896898779746
0.988, 2758.506482595107
0.999, 20608.76407772678
0.9, 2784.7607271263305
0.911, 2896.3844470085846
0.922, 2949.742482725997
0.933, 2828.786007076609
0.9440000000000001, 2854.5371040059863
0.955, 2787.7427505030337
0.966, 2947.4660673804783
0.977, 2820.0904072867784
0.988, 2764.4197739502365
0.999, 20545.72882595893
0.9, 2814.7870688513153
0.911, 2792.009962338048
0.922, 2859.217978974005
0.933, 2823.5052117082823
0.9440000000000001, 2845.135487079529
0.955, 2859.457069331994
0.966, 2923.1074019767016
0.977, 2914.8968221799632
0.988, 2788.235563452436
0.999, 21060.932941820334
0.9, 2808.887502867459
0.911, 2807.4210883849632
0.922, 3047.8358507180437
0.933, 2800.30593965881
0.9440000000000001, 2925.19224331718
0.955, 2820.4045455917044
0.966, 2871.5911784025225
0.977, 2825.5494744430157
0.988, 2862.6436111478165
0.999, 21572.17967053763
0.9, 2885.2141281063027
0.911, 2909.0189094028797
0.922, 2818.0600417132273
0.933, 2928.472362585482
0.9440000000000001, 2874.3540506259487
0.955, 2966.1627791709507
0.966, 2989.473449094158
0.977, 2864.04448541012
0.988, 2805.913052880006
0.999, 22667.99412959107
0.9, 2854.1984787778815
0.911, 2866.4192874355663
0.922, 2852.5292231857043
0.933, 2873.4013084599806
0.9440000000000001, 2789.461634080075
0.955, 2857.318384668482
0.966, 2876.6125750946803
0.977, 2791.530821351842
0.988, 2825.672962262447
0.999, 23254.853291777592
0.9, 2917.2007867282027
0.911, 2863.1040187493727
0.922, 2803.7962622896544
0.933, 2905.866503588039
0.9440000000000001, 2858.288035811708
0.955, 2813.4578675541547
0.966, 2757.6806106559247
0.977, 2799.5771043779014
0.988, 2755.064244409503
0.999, 20991.174098602627
0.9, 2876.8724955885696
0.911, 2865.575861781717
0.922, 2834.1843969115785
0.933, 2837.8782047227405
0.9440000000000001, 2917.00221868495
0.955, 2884.0670020723287
0.966, 2853.1362325432133
0.977, 2739.1719036686736
0.988, 2798.6585051151123
0.999, 20508.511684669487
0.9, 3009.123651333393
0.911, 2877.537763334894
0.922, 2864.5052618393
0.933, 2760.4493792171234
0.9440000000000001, 2774.1703043272482
0.955, 2971.763295327825
0.966, 2923.3288998171815
0.977, 2861.8640813333504
0.988, 2795.9826592475147
0.999, 21471.012654433947
0.9, 2848.6279031805493
0.911, 2907.150509711823
0.922, 2757.507939254119
0.933, 2813.9289464513145
0.9440000000000001, 2800.582989668138
0.955, 2952.4485823656187
0.966, 2853.4498099046177
0.977, 2790.054147244431
0.988, 2795.774571553134
0.999, 21708.052063971718
0.9, 2864.6814044984185
0.911, 2850.5279446042705
0.922, 2819.285890010684
0.933, 2923.048925114113
0.9440000000000001, 2983.8068132740214
0.955, 2876.334138481516
0.966, 2861.982613272383
0.977, 2922.9821852360783
0.988, 2854.7170457253087
0.999, 21946.24871513527
0.9, 2817.821656295485
0.911, 2831.186367452191
0.922, 2837.822586303995
0.933, 2934.330920960815
0.9440000000000001, 2850.0938380415273
0.955, 2816.9596537734797
0.966, 2853.0891877194235
0.977, 2810.196103608924
0.988, 2749.6178655178915
0.999, 21358.272300874458
0.9, 2797.849450272969
0.911, 2841.478190883326
0.922, 2816.252409804617
0.933, 2748.477683678381
0.9440000000000001, 2829.5031587160743
0.955, 2917.58471455866
0.966, 2864.4203901498136
0.977, 2792.0152107923054
0.988, 2806.0908359339355
0.999, 19542.308426444288
0.9, 2771.442924291994
0.911, 2859.7233452715786
0.922, 2775.287732827306
0.933, 2797.8065463592134
0.9440000000000001, 2771.9568727024243
0.955, 2924.40083560301
0.966, 2886.11084256856
0.977, 2804.8471640898797
0.988, 2784.4237028795505
0.999, 21127.50426847689
0.9, 2888.3997250352118
0.911, 2701.995959988718
0.922, 2831.63873644014
0.933, 2939.0134379138485
0.9440000000000001, 2821.0883814958706
0.955, 2866.6519345768747
0.966, 2815.4737111801305
0.977, 2900.178054228168
0.988, 2888.862420187632
0.999, 21178.341010760658
0.9, 2862.701807137633
0.911, 2828.114124072022
0.922, 2964.928802624669
0.933, 2915.6631554228857
0.9440000000000001, 2800.5876753663256
0.955, 2918.8903025663144
0.966, 2853.5823372977943
0.977, 2832.2906412260922
0.988, 2830.989373750755
0.999, 21776.65159998447
0.9, 2777.389338937505
0.911, 2985.593603195971
0.922, 2936.066319782942
0.933, 2887.1825680556235
0.9440000000000001, 2821.613541698717
0.955, 2822.7478743164834
0.966, 2761.1803419214807
0.977, 2784.7854449389506
0.988, 2770.536988268572
0.999, 21355.37635853969
0.9, 2814.1483472069976
0.911, 2902.1155665594015
0.922, 2865.1897066552833
0.933, 2945.422104293147
0.9440000000000001, 2855.154308227923
0.955, 2828.306977252732
0.966, 2947.840791245786
0.977, 2900.8534416163884
0.988, 2804.3982416478243
0.999, 22112.34839588822
0.9, 2928.386916183111
0.911, 2953.1430013256963
0.922, 2938.633887064473
0.933, 2761.8752231333556
0.9440000000000001, 2860.6650267639275
0.955, 2919.836675813189
0.966, 2861.739794319259
0.977, 2890.7296588632557
0.988, 2907.3501602580604
0.999, 21290.86170104316
0.9, 2809.7036547388984
0.911, 2903.766381948457
0.922, 2931.564581843495
0.933, 2875.2745173159387
0.9440000000000001, 2892.0662152121145
0.955, 2844.297720951752
0.966, 2861.2307128309135
0.977, 2972.5720470033543
0.988, 2884.237206636113
0.999, 22796.09578995086
0.9, 2862.791307121508
0.911, 2813.5645575578033
0.922, 2903.3570522542695
0.933, 2804.6258970082426
0.9440000000000001, 2754.88045235972
0.955, 2854.8258591900403
0.966, 2852.4399071860407
0.977, 2830.933418874508
0.988, 2933.498771730202
0.999, 20836.438141791215
0.9, 2827.975816105508
0.911, 2828.0860578962693
0.922, 2800.486715672258
0.933, 2808.481873998363
0.9440000000000001, 2779.8468684875384
0.955, 2914.4836809770877
0.966, 2839.647289974216
0.977, 2866.204757650979
0.988, 2788.1881552667196
0.999, 20960.009418793157
0.9, 2812.245936370232
0.911, 2983.2443934117136
0.922, 2897.5976065122773
0.933, 2867.0738867679597
0.9440000000000001, 2928.742692388975
0.955, 2744.7118072322587
0.966, 2869.3583051320657
0.977, 2812.4442983038007
0.988, 2849.2733574328513
0.999, 21317.447613105756
0.9, 2875.5171455222844
0.911, 2886.8083754159725
0.922, 2726.7845219382284
0.933, 2849.247628236804
0.9440000000000001, 2880.708316451867
0.955, 2873.280539440666
0.966, 2907.1825263698215
0.977, 2812.008163664191
0.988, 2802.000400737843
0.999, 20565.569312902247
0.9, 2935.9798719118053
0.911, 2948.6607398697906
0.922, 2749.380718939498
0.933, 2794.995173410697
0.9440000000000001, 2942.2481618318293
0.955, 2833.1285014499163
0.966, 2863.851637230915
0.977, 2837.203649930394
0.988, 2845.8399452924805
0.999, 22070.90185734709
0.9, 2912.292549837798
0.911, 2756.7223899938485
0.922, 2846.841540812988
0.933, 2798.367582937149
0.9440000000000001, 2761.57684017942
0.955, 2714.40006546451
0.966, 2837.889138000581
0.977, 2793.366542809645
0.988, 2749.078445216032
0.999, 22228.13891743341
0.9, 2902.8015725635714
0.911, 2950.963319640426
0.922, 2768.062140797734
0.933, 2953.114057701786
0.9440000000000001, 2971.6731418491217
0.955, 2803.120534910343
0.966, 2859.1881509908626
0.977, 2813.732728390005
0.988, 2806.871190235858
0.999, 21478.91950150937
0.9, 2887.4234154399046
0.911, 2753.281560312769
0.922, 2884.260860635415
0.933, 2723.4446302014385
0.9440000000000001, 2851.0357441883107
0.955, 2838.6106773079696
0.966, 2892.2873138211608
0.977, 2876.100828753221
0.988, 2825.663616833122
0.999, 21424.447144636582
0.9, 2913.6501894266726
0.911, 2918.6407881819937
0.922, 2856.6372664878486
0.933, 2867.521750620143
0.9440000000000001, 2841.5510783216955
0.955, 2775.4352669387713
0.966, 2796.249118720047
0.977, 2787.0009539417606
0.988, 2803.0523379514843
0.999, 21781.041443629227
0.9, 2863.7121031609036
0.911, 3002.6971739923097
0.922, 2820.5027838556966
0.933, 2935.115323786136
0.9440000000000001, 2770.611653652137
0.955, 2748.759223666385
0.966, 2892.4254224976844
0.977, 2885.0252790895065
0.988, 2724.606862400158
0.999, 21211.566533102305
0.9, 2842.532466993473
0.911, 2778.9366026151456
0.922, 2817.269122232012
0.933, 2907.4013360366616
0.9440000000000001, 2767.450939880154
0.955, 2806.417950309857
0.966, 2801.1788307239744
0.977, 2822.20328763505
0.988, 2839.651438866993
0.999, 21422.977754791857
0.9, 2881.8904712824396
0.911, 2874.9484269085556
0.922, 2819.42334187443
0.933, 2847.9382588147105
0.9440000000000001, 2798.0300815914156
0.955, 2854.540434432998
0.966, 2911.3842234896697
0.977, 2896.5720184927013
0.988, 2789.94751921078
0.999, 21852.127124229573
0.9, 2893.6364622315828
0.911, 2832.725005566524
0.922, 2808.1399727333614
0.933, 2855.309990927217
0.9440000000000001, 2958.7262077813566
0.955, 2893.575345913303
0.966, 2934.7728580306534
0.977, 2782.219750569528
0.988, 2851.3916228908674
0.999, 21360.40765914922
0.9, 2899.702273105882
0.911, 2945.7028608261494
0.922, 2814.145690522925
0.933, 2821.1803840238426
0.9440000000000001, 2866.0907707034007
0.955, 2787.1619205824613
0.966, 2792.044229315468
0.977, 2759.255231656
0.988, 2823.128914716058
0.999, 20286.60104163203
0.9, 2884.5543521309937
0.911, 2935.4789571335136
0.922, 2918.799044869804
0.933, 2793.4427782965586
0.9440000000000001, 2794.928683836365
0.955, 2739.7218602871912
0.966, 2941.146263253623
0.977, 2836.4216871741355
0.988, 2730.8116673383183
0.999, 20242.718619625815
0.9, 2761.4885675623073
0.911, 2824.8991914572694
0.922, 2863.879684151915
0.933, 2754.0298412087427
0.9440000000000001, 2844.383392134061
0.955, 2991.6641052087652
0.966, 2768.398347382553
0.977, 2792.661299808912
0.988, 2868.7714218381257
0.999, 21266.1581291365
0.9, 2750.911258359763
0.911, 2865.74651439364
0.922, 2805.791296773494
0.933, 2919.719504485407
0.9440000000000001, 2909.3976199668205
0.955, 2929.0786419370847
0.966, 2844.305285239963
0.977, 2897.8230905885544
0.988, 2819.3622748021903
0.999, 21490.300232237547
0.9, 2838.1161132425623
0.911, 2898.7875411700784
0.922, 2864.432577870809
0.933, 2889.4557974636637
0.9440000000000001, 2817.4464445163117
0.955, 2863.0685426975715
0.966, 2828.233208498807
0.977, 2882.4809944925573
0.988, 2805.947989170298
0.999, 21387.961084653187
0.9, 2884.0326468444746
0.911, 2859.757058528103
0.922, 2920.7382602824377
0.933, 2860.5322971502055
0.9440000000000001, 2810.829626858672
0.955, 2825.6817068769506
0.966, 2889.50066214645
0.977, 2902.848457040947
0.988, 2873.677829513642
0.999, 20025.9343823435
0.9, 2846.4094124454828
0.911, 2753.8157450291733
0.922, 2849.0297021748
0.933, 2863.6678320888254
0.9440000000000001, 2824.739204383658
0.955, 2878.709293551645
0.966, 2873.132112947744
0.977, 2826.4283713739596
0.988, 2838.043696833586
0.999, 21562.160022413427
0.9, 2963.8396484748896
0.911, 2935.20652188924
0.922, 2843.557558174947
0.933, 2800.1423647586244
0.9440000000000001, 2873.0146163412123
0.955, 2907.0548131212377
0.966, 2766.8138079501077
0.977, 2897.5150242312266
0.988, 2835.895559630203
0.999, 22009.36797980235
0.9, 2875.9193605200385
0.911, 2855.836198715646
0.922, 2823.861885125005
0.933, 2813.775531378957
0.9440000000000001, 2842.312939857391
0.955, 2828.1334886938457
0.966, 2944.583807600757
0.977, 2882.4081177601047
0.988, 2837.2715781257543
0.999, 21490.620732494517
0.9, 2809.4076159438096
0.911, 2794.5319894199215
0.922, 2969.9489071018247
0.933, 2904.2652796266393
0.9440000000000001, 2844.806233181875
0.955, 2811.9849776458764
0.966, 2764.251342595072
0.977, 2715.7506276237314
0.988, 2847.3403977701446
0.999, 21059.78886280573
0.9, 2870.952995307055
0.911, 2899.0423317169866
0.922, 2875.8167045421756
0.933, 2991.9630750708016
0.9440000000000001, 2894.792990145863
0.955, 2789.3800510399105
0.966, 2793.1220993800584
0.977, 2798.860360708772
0.988, 2837.4313580465778
0.999, 21395.286631693005
0.9, 2840.63780227665
0.911, 2942.9027523953396
0.922, 2872.3727181609775
0.933, 2911.5990039590815
0.9440000000000001, 2781.66313023304
0.955, 2840.642346713147
0.966, 2924.2482351170793
0.977, 2926.749267009608
0.988, 2865.9455609822403
0.999, 21908.52391478111
0.9, 2811.1698875775855
0.911, 2815.652544822268
0.922, 2730.5515391473873
0.933, 2840.7665025462848
0.9440000000000001, 2935.7612038103216
0.955, 2843.3628682539147
0.966, 2885.7842726288663
0.977, 2899.6745981627755
0.988, 2824.8909213779575
0.999, 22101.064233611625
0.9, 2887.5183679478178
0.911, 2788.918886700309
0.922, 2887.701876154445
0.933, 2898.4023475881236
0.9440000000000001, 2887.2556092588648
0.955, 2936.6513579272646
0.966, 2892.9852066124813
0.977, 2777.4632253701034
0.988, 2805.207102066631
0.999, 21334.892231839804
0.9, 2855.834022464232
0.911, 2856.7103984467635
0.922, 2821.088754044513
0.933, 2778.48840785247
0.9440000000000001, 2885.7354885729615
0.955, 2866.6841226661777
0.966, 2865.2005915815525
0.977, 2846.7357929224545
0.988, 2691.0437503709054
0.999, 20720.859931527357
0.9, 2965.707206596271
0.911, 2859.12364187881
0.922, 2824.19886421927
0.933, 2874.4704244772424
0.9440000000000001, 2777.673187177664
0.955, 2802.37834858378
0.966, 2892.200662569648
0.977, 2864.3107643689077
0.988, 2737.380962877302
0.999, 21441.210227472155
0.9, 2890.2922927358336
0.911, 2858.5144513114374
0.922, 2827.6556913712925
0.933, 2744.5811465550805
0.9440000000000001, 2923.504049770483
0.955, 2890.6376315116318
0.966, 2805.0982947720217
0.977, 2855.239693404361
0.988, 2775.0219946846564
0.999, 21418.399696329492
0.9, 2847.089459865643
0.911, 2798.210128962635
0.922, 2852.8992423273703
0.933, 2857.6156991662197
0.9440000000000001, 2836.517933778403
0.955, 2886.927809962224
0.966, 2850.9731508617388
0.977, 2772.1957451411236
0.988, 2823.8672837905347
0.999, 21435.06728160004
0.9, 2924.162909490761
0.911, 2897.9220368343335
0.922, 2830.2960829585286
0.933, 2803.3024616007892
0.9440000000000001, 2858.25633712474
0.955, 2759.623416197334
0.966, 2850.219829183272
0.977, 2789.219217563091
0.988, 2827.393105353037
0.999, 21744.91645852235
0.9, 2876.2839694471063
0.911, 2800.1527324303393
0.922, 2907.660744939492
0.933, 2805.334307402176
0.9440000000000001, 2830.842038655248
0.955, 2834.024254063872
0.966, 2912.1480539282315
0.977, 2915.690727339208
0.988, 2931.160530275276
0.999, 21266.537016246482
0.9, 2786.8933260052627
0.911, 2871.432846724333
0.922, 2917.411797914875
0.933, 2857.613379604045
0.9440000000000001, 2873.047225996928
0.955, 2962.3807883492523
0.966, 2899.297817868679
0.977, 2776.801725221788
0.988, 2898.601767347813
0.999, 20994.05915896354
0.9, 2788.2875640670136
0.911, 2741.192007817816
0.922, 2858.373114010507
0.933, 2870.846591017138
0.9440000000000001, 2842.8805382187998
0.955, 2921.99221726063
0.966, 2950.3067275642074
0.977, 2845.1918623869287
0.988, 2773.31095493155
0.999, 22346.134509500152
0.9, 2869.5507980964767
0.911, 2834.7411213451364
0.922, 2789.3775395011157
0.933, 2764.0111759295146
0.9440000000000001, 2923.36956232286
0.955, 2783.885360414745
0.966, 2866.022447195066
0.977, 2775.021985605735
0.988, 2743.6271046623915
0.999, 22341.47193339041
0.9, 2838.565819304579
0.911, 2892.7739932508166
0.922, 2709.452101380605
0.933, 2913.4456221262476
0.9440000000000001, 2859.3442536544717
0.955, 2853.5428208831527
0.966, 2718.3801058495474
0.977, 2808.8264767584287
0.988, 2897.9133592753337
0.999, 21115.36920149934
0.9, 2845.7356849414045
0.911, 2904.1861628070897
0.922, 2895.6881270394165
0.933, 2790.9572574125536
0.9440000000000001, 2879.0163004001142
0.955, 2800.419336401579
0.966, 2861.7408267440187
0.977, 2855.3118643580538
0.988, 2811.604554678952
0.999, 22387.53556284335
0.9, 2872.484611189903
0.911, 2807.94855845577
0.922, 2853.747153655494
0.933, 2836.99702958391
0.9440000000000001, 2832.42381917378
0.955, 2929.6701355255236
0.966, 2890.1142187845894
0.977, 2865.74786830553
0.988, 2788.309783039192
0.999, 20286.598892697573
0.9, 2812.187647831911
0.911, 2758.5483395042406
0.922, 2855.828275087768
0.933, 2875.975057044082
0.9440000000000001, 2793.832819441658
0.955, 2857.522275767131
0.966, 2903.8475673017174
0.977, 2861.126838267628
0.988, 2819.213667350936
0.999, 21731.3595095353
0.9, 2766.4587817411298
0.911, 2881.7008720797635
0.922, 2899.5948102432444
0.933, 2916.599505195871
0.9440000000000001, 2907.127382832005
0.955, 2824.348869328489
0.966, 2893.8491495536414
0.977, 2954.6179012448597
0.988, 2821.3757844582155
0.999, 21369.571172804022
0.9, 2926.2401690564843
0.911, 2914.193143687474
0.922, 2795.6690678800855
0.933, 2835.776698258189
0.9440000000000001, 2914.6295780830033
0.955, 2798.5771107741984
0.966, 2693.4098469511196
0.977, 2820.635220826246
0.988, 2856.098501934018
0.999, 21445.300968360385
0.9, 2830.4212491050107
0.911, 2806.6067386933623
0.922, 2743.7710709088665
0.933, 2836.663782952067
0.9440000000000001, 2876.782541320352
0.955, 2901.185923376159
0.966, 2870.004865355165
0.977, 2827.9516147718728
0.988, 2759.1459798713304
0.999, 21181.00997024327
0.9, 2945.0323665523324
0.911, 2945.323496774941
0.922, 2887.6488405922296
0.933, 2813.4011937333075
0.9440000000000001, 2856.1445850049395
0.955, 2820.6151689254475
0.966, 2827.4125849910147
0.977, 2769.4884851249108
0.988, 2739.493846079227
0.999, 21393.50447346687
0.9, 2942.5006123141197
0.911, 2783.2577686131435
0.922, 2808.985449111861
0.933, 2860.4983169471952
0.9440000000000001, 2848.756415699725
0.955, 2878.381597939773
0.966, 2848.496684503581
0.977, 2879.8679740337107
0.988, 2835.6276845483953
0.999, 21473.986072910928
0.9, 2700.2274259506594
0.911, 2884.0060079693762
0.922, 2818.170660124698
0.933, 2789.7496845472397
0.9440000000000001, 2956.334634315351
0.955, 2844.0916747214224
0.966, 2843.092188962743
0.977, 2900.1901435093923
0.988, 2991.2580449953293
0.999, 21173.329776520004
0.9, 2964.344821617804
0.911, 2819.702019816047
0.922, 2900.294391761461
0.933, 2770.29128988031
0.9440000000000001, 2794.681823570654
0.955, 2803.7738328735054
0.966, 2857.360669957669
0.977, 2819.2848356869326
0.988, 2896.821644333159
0.999, 21292.94255237525
0.9, 2936.21679091249
0.911, 2847.495785899561
0.922, 2853.887706608923
0.933, 2847.0579044398714
0.9440000000000001, 2774.122630722922
0.955, 2880.507484055579
0.966, 2833.626162962709
0.977, 2785.356024504556
0.988, 2855.860447812332
0.999, 20241.644273547292
0.9, 2906.3849691929086
0.911, 2867.1943170282193
0.922, 2698.8118539016746
0.933, 2825.68540695829
0.9440000000000001, 2845.167199223476
0.955, 2939.923635293864
0.966, 2825.269478469156
0.977, 2873.5101037548884
0.988, 2817.7077789120904
0.999, 21192.836492493654
0.9, 2865.7841440827538
0.911, 2809.3136241065995
0.922, 2793.5143265103447
0.933, 2786.0365058371144
0.9440000000000001, 2824.73184361417
0.955, 2885.0517768259765
0.966, 2875.2464362092355
0.977, 2730.9941992524687
0.988, 2786.9192152930586
0.999, 19943.378160987293
0.9, 2894.971931414813
0.911, 2864.5585945749663
0.922, 2746.770463691527
0.933, 2765.464162403692
0.9440000000000001, 2883.0956364448066
0.955, 2888.4409059105865
0.966, 2912.140172672718
0.977, 2792.8975205489737
0.988, 2818.0026243224597
0.999, 21206.149500451123
0.9, 2889.3041857423295
0.911, 2919.3995472750316
0.922, 2821.740718702823
0.933, 2745.7894187998
0.9440000000000001, 2796.028818900853
0.955, 2839.6345643066434
0.966, 2872.079575055592
0.977, 2850.7769823530525
0.988, 2845.090328590481
0.999, 22698.473051801448
0.9, 2836.7966644356384
0.911, 2797.766390079219
0.922, 2878.4943965959733
0.933, 2811.771755116054
0.9440000000000001, 2882.3727771004537
0.955, 2843.586078681256
0.966, 2810.211520588881
0.977, 2826.797240912432
0.988, 2843.6308724032765
0.999, 22347.138403957542
0.9, 2817.56088536995
0.911, 2730.057341893975
0.922, 2784.3397324973334
0.933, 2830.1239291571856
0.9440000000000001, 2793.1671664085347
0.955, 2852.3564781557984
0.966, 2901.9593741228346
0.977, 2862.7905961927027
0.988, 2819.9222019768577
0.999, 20748.936526116035
0.9, 2827.193062074032
0.911, 3005.189548624515
0.922, 2841.2272079469026
0.933, 2940.856074316948
0.9440000000000001, 2834.41762842425
0.955, 2887.302089828184
0.966, 2765.6787045763226
0.977, 2809.351047600986
0.988, 2832.311746891897
0.999, 20862.03426831759
0.9, 2777.6112695833453
0.911, 2876.2400702140853
0.922, 2804.523090341052
0.933, 2900.9010403697575
0.9440000000000001, 2886.970802875441
0.955, 2816.347670835546
0.966, 2802.686468540408
0.977, 2811.7355856619847
0.988, 2851.466005917554
0.999, 21527.106084665153
0.9, 2822.0912637110114
0.911, 2793.9600859471707
0.922, 2971.058313512385
0.933, 2915.916738725946
0.9440000000000001, 2858.111200982293
0.955, 2850.7276744163164
0.966, 2931.504164515707
0.977, 2914.4146977489736
0.988, 2861.9615052280237
0.999, 21389.977722403873
0.9, 2844.50438771189
0.911, 2890.2990983361324
0.922, 2782.819491604169
0.933, 2948.582936985988
0.9440000000000001, 2841.273894261775
0.955, 2899.1941734339052
0.966, 2833.4268725144348
0.977, 2833.451908296604
0.988, 2889.8223830845423
0.999, 21001.415115356114
0.9, 2896.0655400116702
0.911, 2905.8289591928806
0.922, 2726.8969862584877
0.933, 2814.654335706346
0.9440000000000001, 2847.453710612944
0.955, 2790.0300656115674
0.966, 2867.096694811591
0.977, 2852.4296084238613
0.988, 2879.2195500332955
0.999, 21183.617094442237
0.9, 2879.1089419063032
0.911, 2894.451712246434
0.922, 2785.9944646541176
0.933, 2845.0007228555824
0.9440000000000001, 2767.4739815382222
0.955, 2829.11451724209
0.966, 2802.960066384379
0.977, 2773.5650410873145
0.988, 2827.599147856836
0.999, 21445.844994187788
0.9, 2928.4527834576074
0.911, 2813.272973949764
0.922, 2817.1976070698342
0.933, 2932.406609460797
0.9440000000000001, 2777.847272533342
0.955, 2855.1818766722995
0.966, 2839.0298143362397
0.977, 2860.854299389276
0.988, 2794.1758064561523
0.999, 21998.47326996938
0.9, 2880.7096506036514
0.911, 2820.76258077284
0.922, 2835.5112106828738
0.933, 2785.4195724001534
0.9440000000000001, 2844.1788155922827
0.955, 2752.7247273465496
0.966, 2834.1683585119217
0.977, 2833.0280793753386
0.988, 2758.5481647237634
0.999, 22005.593404694442
0.9, 2943.3927357606135
0.911, 2834.855670157634
0.922, 2869.398938850083
0.933, 2808.1719075460246
0.9440000000000001, 2802.0478620774743
0.955, 2913.519545528566
0.966, 2889.596309077768
0.977, 2822.487302206625
0.988, 2797.4486739653044
0.999, 22259.585909781894
0.9, 2771.0869518695467
0.911, 2939.3518788248307
0.922, 2825.595038471438
0.933, 2867.842581209157
0.9440000000000001, 2874.869022381755
0.955, 2833.916634198372
0.966, 2911.270059788868
0.977, 2843.7308510533267
0.988, 2820.745749348354
0.999, 20256.880807584974
0.9, 3011.5480918628646
0.911, 2681.849726526008
0.922, 2851.323933143826
0.933, 2877.7034712599725
0.9440000000000001, 2883.9043749924444
0.955, 2727.430043732475
0.966, 2774.4942778822888
0.977, 2817.9932850182536
0.988, 2855.736384461918
0.999, 23389.858434017857
0.9, 2911.5074358722127
0.911, 2838.1953387918707
0.922, 2793.0643488343235
0.933, 2854.1237095161455
0.9440000000000001, 2898.016858913463
0.955, 2916.486473313479
0.966, 2881.558461332595
0.977, 2869.5292475020415
0.988, 2788.0668354534105
0.999, 21323.971177782463
0.9, 2844.465599059622
0.911, 2766.477143518077
0.922, 2766.6298014132253
0.933, 2962.0522147135116
0.9440000000000001, 2865.3252245907584
0.955, 2824.567539883866
0.966, 2750.177176938024
0.977, 2827.9702242980297
0.988, 2883.141949262324
0.999, 21987.302249042732
0.9, 2789.142586554466
0.911, 2789.0630685779356
0.922, 2772.2564461300144
0.933, 2734.4387514383557
0.9440000000000001, 2865.988475919452
0.955, 2890.7103571487605
0.966, 2831.816630523916
0.977, 2821.160142455128
0.988, 2867.5352594036935
0.999, 20121.330592630282
0.9, 2827.5577480463135
0.911, 2781.4761534958034
0.922, 2976.24222248096
0.933, 2840.0896659691357
0.9440000000000001, 3023.8011506414787
0.955, 2757.480368906726
0.966, 2783.904015143571
0.977, 2847.541525386824
0.988, 2857.407622945375
0.999, 21135.97099607562
0.9, 2834.6947797723083
0.911, 2889.8723936368133
0.922, 2898.065925369423
0.933, 2795.4055431049314
0.9440000000000001, 2854.5902209476403
0.955, 2958.298174978826
0.966, 2744.187181126706
0.977, 2783.9950177976084
0.988, 2821.0568235767014
0.999, 21542.91766321979
0.9, 2803.5935004351218
0.911, 2809.1053438386084
0.922, 2848.8401700419586
0.933, 2861.3076129720484
0.9440000000000001, 2862.6187497977035
0.955, 2907.127675132414
0.966, 2877.509412140786
0.977, 2857.962620362087
0.988, 2788.817860307714
0.999, 21483.386921837733
0.9, 2861.368867393306
0.911, 2908.078714706437
0.922, 2816.691692336129
0.933, 2852.683843639281
0.9440000000000001, 2952.764199065344
0.955, 2869.8884908721802
0.966, 2869.7576525540985
0.977, 2885.958810565078
0.988, 2851.5486490340386
0.999, 21240.755897815157
0.9, 2921.436739730746
0.911, 2897.827550538329
0.922, 2943.09442696105
0.933, 2898.358645655328
0.9440000000000001, 2788.5961892520586
0.955, 2844.5831410054793
0.966, 2835.944069412683
0.977, 2779.7509059036834
0.988, 2855.715653885854
0.999, 21705.776128568166
0.9, 2861.1020397485927
0.911, 2848.7098110891943
0.922, 2747.373913663443
0.933, 2829.132127304015
0.9440000000000001, 2783.9029880680146
0.955, 2893.339576281464
0.966, 2875.4525513933304
0.977, 2923.5006370358683
0.988, 2850.57524437919
0.999, 21678.36783087505
0.9, 2925.060973269618
0.911, 2842.6391378525404
0.922, 2837.916115477499
0.933, 2825.342711054397
0.9440000000000001, 2833.5829806908037
0.955, 2840.2499924602457
0.966, 2900.017930597973
0.977, 2816.1030831390744
0.988, 2793.849722795258
0.999, 22060.243454317962
0.9, 2866.1212282122524
0.911, 2859.911087272504
0.922, 2861.544243423872
0.933, 2928.682826782966
0.9440000000000001, 2941.634135561499
0.955, 2821.185872101306
0.966, 2916.3669289500826
0.977, 2857.9066666015374
0.988, 2692.5039507112074
0.999, 22530.84449152252
0.9, 2812.8644914438037
0.911, 2868.8270192460154
0.922, 2982.3113613665682
0.933, 2875.445123151597
0.9440000000000001, 2951.372413834852
0.955, 2875.0767561138487
0.966, 2878.296332512903
0.977, 2727.072303389882
0.988, 2899.3442371654264
0.999, 21884.52612149495
0.9, 2809.6151339961016
0.911, 2868.760219296144
0.922, 2871.4251009758686
0.933, 2812.689215586662
0.9440000000000001, 2889.5352119991694
0.955, 2817.712498428776
0.966, 2835.796549715656
0.977, 2835.3943190531163
0.988, 2791.0614242145093
0.999, 23291.28205222138
0.9, 2771.1745715591333
0.911, 2860.0118776581216
0.922, 2888.0873311064374
0.933, 2877.126370043182
0.9440000000000001, 2834.4436066338167
0.955, 2912.5795390540525
0.966, 2812.5134822367527
0.977, 2863.6577036336707
0.988, 2760.3893402367066
0.999, 19686.992000826685
0.9, 2918.8303859427997
0.911, 2808.5985868533317
0.922, 2836.7113744781864
0.933, 2912.617542091638
0.9440000000000001, 2811.8021671190945
0.955, 2815.1441551634202
0.966, 2854.306683819766
0.977, 2879.32126563982
0.988, 2819.5705072003866
0.999, 21297.34832973986
0.9, 2808.3605946705425
0.911, 2788.144146210201
0.922, 2916.4492898726376
0.933, 2867.038349757339
0.9440000000000001, 2833.743226933324
0.955, 2893.843725567809
0.966, 2903.1141133535834
0.977, 2831.3091832317637
0.988, 2665.10461760983
0.999, 21752.589964945233
0.9, 2826.7494242690514
0.911, 2790.285126120932
0.922, 2909.5278670788625
0.933, 2770.8623931378215
0.9440000000000001, 2858.640808933264
0.955, 2844.0853433390594
0.966, 2888.9153717287754
0.977, 2882.664613507992
0.988, 2800.595199333307
0.999, 20392.21097512852
0.9, 2888.1759672079256
0.911, 2888.8560444668237
0.922, 2832.9857073245344
0.933, 2802.466239105423
0.9440000000000001, 2901.5176694679826
0.955, 2739.947935126452
0.966, 2904.4303767614197
0.977, 2866.8061335533857
0.988, 2823.463359498841
0.999, 20427.558606278748
0.9, 2932.2687591191307
0.911, 2885.079507545428
0.922, 2815.311982819651
0.933, 2800.963571593471
0.9440000000000001, 2905.2768275353974
0.955, 2748.25113808082
0.966, 2859.133888208627
0.977, 2776.8817257553283
0.988, 2858.204093544568
0.999, 22648.993209090193
0.9, 2818.181079583769
0.911, 2935.2359405146067
0.922, 2950.522643958941
0.933, 2928.279709736583
0.9440000000000001, 2832.1146014641986
0.955, 2912.280710695894
0.966, 2833.7833435290327
0.977, 2895.6244637239474
0.988, 2864.8356299844336
0.999, 21779.85414712888
0.9, 2904.3203494998347
0.911, 2828.7217184445926
0.922, 2844.941641924504
0.933, 2925.683308049655
0.9440000000000001, 2908.3378727897625
0.955, 2819.6394228431013
0.966, 2818.1585144790515
0.977, 2877.044599331573
0.988, 2861.6076679162657
0.999, 21035.832057511238
0.9, 2807.14250506258
0.911, 2856.6897175644963
0.922, 2902.4578164545237
0.933, 2853.813970573381
0.9440000000000001, 2830.4662170016873
0.955, 2810.376882770936
0.966, 2835.2776095586682
0.977, 2876.402396590244
0.988, 2795.6058906693434
0.999, 21354.593551217728
0.9, 2862.100309946291
0.911, 2807.0218849587013
0.922, 2850.07120480236
0.933, 2823.942658894828
0.9440000000000001, 2935.3065451508937
0.955, 2804.820720479359
0.966, 2806.666658585259
0.977, 2819.5493614693714
0.988, 2826.0275535524574
0.999, 19982.077908856045
0.9, 2841.731472901721
0.911, 2844.6844198669037
0.922, 2843.897979005598
0.933, 2850.9117808721453
0.9440000000000001, 2836.232439521997
0.955, 2803.5638217607666
0.966, 2841.175482683271
0.977, 2884.089578290568
0.988, 2965.8262706120236
0.999, 20722.40618270805
0.9, 2961.0438319790583
0.911, 2917.29736544997
0.922, 2804.723299191689
0.933, 2933.2498676107807
0.9440000000000001, 2895.641825508517
0.955, 2890.6994611314717
0.966, 2925.4695686234554
0.977, 2894.529112558088
0.988, 2885.4234588465238
0.999, 21106.850566100675
0.9, 2860.9608728682983
0.911, 2770.9361495501926
0.922, 2916.5999064149764
0.933, 2837.05006017221
0.9440000000000001, 2727.954907601464
0.955, 2889.9902553636616
0.966, 2866.9880927498803
0.977, 2847.3257353721024
0.988, 2764.4233075308084
0.999, 21059.751213609896
0.9, 2973.3921447207726
0.911, 2751.4860346623673
0.922, 2885.38319474878
0.933, 2801.247416451411
0.9440000000000001, 2939.6540269050147
0.955, 2857.3913723956316
0.966, 2822.9344395182516
0.977, 2891.984658496739
0.988, 2782.8639865203145
0.999, 20841.669798756087
0.9, 2948.7236354340394
0.911, 2745.9135404157187
0.922, 2771.483310869877
0.933, 2773.9326389566154
0.9440000000000001, 2786.4363901306388
0.955, 2862.0377156490085
0.966, 2898.793338006266
0.977, 2906.269723702385
0.988, 2822.6641086681902
0.999, 21143.674409003554
0.9, 2843.7063075656847
0.911, 2823.7120314129384
0.922, 2858.8855490402107
0.933, 2929.7115528355303
0.9440000000000001, 2911.224553455338
0.955, 2791.8006276805622
0.966, 2882.8542677037844
0.977, 2813.678866904368
0.988, 2842.1877352708875
0.999, 21500.21717060805
0.9, 2826.825333072307
0.911, 2875.03972292768
0.922, 2829.2908189522127
0.933, 2947.3089713197487
0.9440000000000001, 2841.7035715150732
0.955, 2779.894096457634
0.966, 2946.7527239483625
0.977, 2909.9207955639786
0.988, 2775.66767706888
0.999, 22757.072699281038
0.9, 2877.994202260593
0.911, 2874.7904563732486
0.922, 2945.585220713316
0.933, 2850.4952049930116
0.9440000000000001, 2878.9047258661117
0.955, 2918.1301556013686
0.966, 2967.3704342435767
0.977, 2848.269879822332
0.988, 2893.7845546728936
0.999, 21191.919123502714
0.9, 2862.11952711348
0.911, 2890.987797223972
0.922, 2939.524389809786
0.933, 2872.014272998448
0.9440000000000001, 2814.3027283701867
0.955, 2824.814043963783
0.966, 2836.2232637724364
0.977, 2890.2602767057615
0.988, 2821.0757417901445
0.999, 20705.803771844938
0.9, 2908.156199985441
0.911, 2794.1989102418734
0.922, 2825.8440943456785
0.933, 2861.980298477297
0.9440000000000001, 2817.3296068486015
0.955, 2932.9860677172
0.966, 2833.553049678115
0.977, 2811.3113978908473
0.988, 2882.5194256365194
0.999, 22459.741639016458
0.9, 2926.997393189513
0.911, 2877.0960167135618
0.922, 2873.452502290639
0.933, 2896.3921950079543
0.9440000000000001, 2863.4116377972287
0.955, 2811.5662752164385
0.966, 2889.0725455013644
0.977, 2818.0040171430524
0.988, 2803.363705420355
0.999, 21345.544056933864
0.9, 2830.071327850532
0.911, 2841.6795790308056
0.922, 2980.958831692975
0.933, 2843.431148477665
0.9440000000000001, 2862.6627692894936
0.955, 2783.961018713965
0.966, 2859.7642603999916
0.977, 2890.192720387524
0.988, 2886.3490396558595
0.999, 21045.223918000636
0.9, 2932.06007188551
0.911, 2875.3066128411906
0.922, 2868.5932112559126
0.933, 2830.3537393683687
0.9440000000000001, 2802.724019685579
0.955, 2823.273935225557
0.966, 2903.1561845428014
0.977, 2878.9119090027143
0.988, 2878.5303482399836
0.999, 21169.32697185384
0.9, 2825.670623418369
0.911, 2926.2887713369237
0.922, 2937.7816299688952
0.933, 2814.740913550288
0.9440000000000001, 2855.291486340124
0.955, 2862.77653904696
0.966, 2872.755489224962
0.977, 2753.8401729480984
0.988, 2854.14833465378
0.999, 19423.721420422153
0.9, 2847.478258329908
0.911, 2790.0564673192785
0.922, 2806.873279212879
0.933, 2945.6948985661315
0.9440000000000001, 2836.7993636205224
0.955, 2732.3564214530757
0.966, 2826.924731007202
0.977, 2781.3250420617883
0.988, 2831.6248096132767
0.999, 21423.78478069327
0.9, 2852.3492319458055
0.911, 2889.0382142732533
0.922, 2807.7630446002863
0.933, 3005.9472439497326
0.9440000000000001, 2888.419581981679
0.955, 2693.336716963321
0.966, 2858.496207150478
0.977, 2871.5478612351467
0.988, 2823.801546466321
0.999, 21762.277704784174
0.9, 2949.3815412315244
0.911, 2784.2367364295824
0.922, 2842.9656365852566
0.933, 2920.5823295609584
0.9440000000000001, 2847.194316354759
0.955, 2781.6717801870186
0.966, 2769.884207036033
0.977, 2843.923107279587
0.988, 2887.5023823415904
0.999, 21517.271429523324
0.9, 2831.979695673031
0.911, 2782.882350493836
0.922, 2872.8583302073225
0.933, 2866.5476315961805
0.9440000000000001, 2804.7721481898043
0.955, 2885.3393895869935
0.966, 2863.889711267274
0.977, 2702.2759867852656
0.988, 2813.850322292829
0.999, 19353.736487233014
0.9, 2936.9965097334784
0.911, 2780.936707654608
0.922, 2779.4932811090903
0.933, 2795.4605421560354
0.9440000000000001, 2884.0485758868367
0.955, 2904.654175789019
0.966, 2920.8339769341455
0.977, 2833.710212388658
0.988, 2852.776764900829
0.999, 22236.529829560142
0.9, 2864.653858536202
0.911, 2938.54666040646
0.922, 2829.6700696306866
0.933, 2800.548714503764
0.9440000000000001, 2857.7455394434005
0.955, 2908.9876650091337
0.966, 2900.453656232923
0.977, 2889.8105697110263
0.988, 2814.3591437829896
0.999, 21593.167989772566
0.9, 2868.432170755661
0.911, 2895.837437371847
0.922, 2791.2269242768343
0.933, 2796.221331766645
0.9440000000000001, 2828.8760632705694
0.955, 2933.3602515476964
0.966, 2834.9106963049703
0.977, 2787.2552740509213
0.988, 2898.794053740107
0.999, 22331.08772960121
0.9, 2833.7117816405807
0.911, 2921.340300056058
0.922, 2874.2165005239744
0.933, 2788.5803508701683
0.9440000000000001, 2902.068631113406
0.955, 2855.1711643266417
0.966, 2809.621341717521
0.977, 2871.501503904309
0.988, 2807.4843207988442
0.999, 20564.387617337783
0.9, 2814.8244785721945
0.911, 2864.111231782366
0.922, 2809.756270332514
0.933, 2852.8473452609737
0.9440000000000001, 2929.1135717011284
0.955, 2982.9614216257614
0.966, 2843.206756407309
0.977, 2874.9086113228473
0.988, 2864.5955698621087
0.999, 21631.141275618636
0.9, 2781.7214817740087
0.911, 2915.0503728914528
0.922, 2865.2404301354095
0.933, 2846.637513487966
0.9440000000000001, 2967.756937643064
0.955, 2751.6732659765903
0.966, 2893.1802658044826
0.977, 2813.41446047204
0.988, 2788.1079783731507
0.999, 22059.39402625967
0.9, 2704.80643456051
0.911, 2815.486750874541
0.922, 2887.2335169889743
0.933, 2885.212373987598
0.9440000000000001, 2890.0057637164327
0.955, 2820.0771339764497
0.966, 2931.1592640375206
0.977, 2883.5276177722867
0.988, 2846.569028398977
0.999, 21001.620025972497
0.9, 2934.230009545618
0.911, 2812.4084645691332
0.922, 2967.8692321423046
0.933, 2811.3783030101717
0.9440000000000001, 2893.4962940970936
0.955, 2837.82114855923
0.966, 2832.089981415679
0.977, 2845.5834627084864
0.988, 2823.0150398933356
0.999, 21322.16965352752
0.9, 2805.00579399003
0.911, 2777.0319736592105
0.922, 2967.6771951994438
0.933, 2893.9324883072863
0.9440000000000001, 2803.7494757082673
0.955, 2778.3845969571557
0.966, 2962.291882912632
0.977, 2864.8602178009346
0.988, 2809.679664992494
0.999, 21122.63384922975
0.9, 2788.097047657016
0.911, 2735.655025378091
0.922, 2821.736121734123
0.933, 2874.881930124238
0.9440000000000001, 2899.423381475018
0.955, 2912.7468069268893
0.966, 2815.1915484745214
0.977, 2789.253083760945
0.988, 2799.689017745649
0.999, 21951.288058212405
0.9, 2798.212859278145
0.911, 2843.3980690174917
0.922, 2844.502355173259
0.933, 2864.4621808826373
0.9440000000000001, 2877.3937340478315
0.955, 2879.9263846240324
0.966, 2854.418385601408
0.977, 2804.3288254762233
0.988, 2862.8976969671785
0.999, 20096.573319663432
0.9, 2891.383025057109
0.911, 2748.8579974084028
0.922, 2829.7230291021006
0.933, 2861.1701818867964
0.9440000000000001, 2958.771186114138
0.955, 2838.6088788127263
0.966, 2944.007630697721
0.977, 2842.3145291643054
0.988, 2843.729415529437
0.999, 20628.490151055026
0.9, 2739.061826062644
0.911, 2850.804739218437
0.922, 2800.655433242856
0.933, 2861.3982100107028
0.9440000000000001, 2842.57624292458
0.955, 2888.5489686861274
0.966, 2762.1478777937186
0.977, 2808.231482313134
0.988, 2841.934018230274
0.999, 21501.056722516943
0.9, 2957.151179701209
0.911, 2827.968448784118
0.922, 2903.159691861619
0.933, 2844.0765221540196
0.9440000000000001, 2864.656817511884
0.955, 2871.704541240835
0.966, 2897.696010025036
0.977, 2898.4053333233487
0.988, 2889.0776132097135
0.999, 22823.770648360583
0.9, 2816.3486794504224
0.911, 2854.3167007760726
0.922, 2816.3290471864507
0.933, 2915.1505314702363
0.9440000000000001, 2825.2121196030066
0.955, 2819.8147440620783
0.966, 2898.3620240894215
0.977, 2879.848024841239
0.988, 2848.6755925629323
0.999, 21029.993701057927
0.9, 2923.3759482283476
0.911, 2988.2574676433833
0.922, 2846.054676129795
0.933, 2899.778221541409
0.9440000000000001, 2788.8671081906596
0.955, 2829.5077279624898
0.966, 2754.9318989502144
0.977, 2759.4524286595774
0.988, 2864.2767159691894
0.999, 21632.146412141934
0.9, 2732.478749433119
0.911, 2888.1518019993055
0.922, 2914.6138717092754
0.933, 2802.917413983541
0.9440000000000001, 2901.0623661506647
0.955, 2836.537070229436
0.966, 2904.710251780413
0.977, 2866.323572162532
0.988, 2748.573884312822
0.999, 22030.083733589665
0.9, 2864.4233401627607
0.911, 2889.7793760467503
0.922, 2831.767526844969
0.933, 2916.123601208663
0.9440000000000001, 2824.868908087136
0.955, 2853.937759219776
0.966, 2845.46313342326
0.977, 2856.084480875093
0.988, 2772.166738911107
0.999, 21691.9977815491
0.9, 2837.584071905022
0.911, 2765.3260439158307
0.922, 2885.358063298947
0.933, 2865.012028661472
0.9440000000000001, 2795.146025108977
0.955, 2797.7720321864836
0.966, 2957.067735996766
0.977, 2802.4436987944246
0.988, 2835.9869445985755
0.999, 21050.872485253632
0.9, 2887.01989460525
0.911, 2776.6344083042372
0.922, 2899.1855681988504
0.933, 2875.417087729312
0.9440000000000001, 2834.1207823786294
0.955, 2870.9248735430433
0.966, 2837.344489442472
0.977, 2896.956315192016
0.988, 2798.962088495934
0.999, 22252.148614811875
0.9, 2835.288578778795
0.911, 2819.6268898003636
0.922, 2840.831391897794
0.933, 2865.392570561556
0.9440000000000001, 2859.693331948376
0.955, 2762.1896949685083
0.966, 2781.3403890472223
0.977, 2838.6848770466977
0.988, 2829.9950538905478
0.999, 20311.833367011168
0.9, 2874.5652527815632
0.911, 2870.3489751774136
0.922, 2934.2930063620443
0.933, 2846.6500914671183
0.9440000000000001, 2864.6914267411894
0.955, 2888.0256858701555
0.966, 2889.2556968588256
0.977, 2842.4007567471617
0.988, 2777.4490472139037
0.999, 21779.626356236226
0.9, 2836.032578451575
0.911, 2847.1583808812807
0.922, 2844.2349602571444
0.933, 2931.1136715905423
0.9440000000000001, 2945.5602859100836
0.955, 2908.8361790153713
0.966, 2846.699390318171
0.977, 2818.244252053757
0.988, 2718.8168818590834
0.999, 20958.25810490528
0.9, 2913.758734017172
0.911, 2934.0722905571342
0.922, 2807.080746439002
0.933, 2742.194646980863
0.9440000000000001, 2816.5915593217696
0.955, 2880.6219238411545
0.966, 2878.071130608913
0.977, 2767.3026097137667
0.988, 2755.1307868016975
0.999, 23141.64895596153
0.9, 2869.8162775742653
0.911, 2985.4569577534858
0.922, 2803.4576710940355
0.933, 2841.377034383241
0.9440000000000001, 2878.268606897404
0.955, 2796.378132659633
0.966, 2965.806431565584
0.977, 2820.5923612739784
0.988, 2778.6024563734295
0.999, 19114.83442908041
0.9, 2906.775398816825
0.911, 2894.181289762016
0.922, 2897.861392905394
0.933, 2903.2465707960164
0.9440000000000001, 2854.2945248209144
0.955, 2773.7931399275667
0.966, 2874.749008151113
0.977, 2859.093419926091
0.988, 2770.128188349891
0.999, 20035.30317616709
0.9, 2780.0147290282675
0.911, 2900.127587784695
0.922, 2858.9173867632803
0.933, 2858.4063081197037
0.9440000000000001, 2899.4239839165507
0.955, 2865.0758204965723
0.966, 2839.2569482679614
0.977, 2795.403525860681
0.988, 2704.4577297235664
0.999, 20469.160857876897
0.9, 2833.661412291711
0.911, 2810.977665697483
0.922, 2820.3900118950587
0.933, 2766.2158004562357
0.9440000000000001, 2812.1739315546256
0.955, 2846.4312459008875
0.966, 2841.6571855927177
0.977, 2840.8188997485136
0.988, 2932.0582967791934
0.999, 22055.971877136653
0.9, 2833.164016361325
0.911, 2867.1010120397013
0.922, 2770.6430503069837
0.933, 2861.3278791930034
0.9440000000000001, 2878.340575727272
0.955, 2828.6096951257427
0.966, 2929.1839311933036
0.977, 2811.539756740936
0.988, 2845.3895611259077
0.999, 20967.956295058386
0.9, 2850.679190204262
0.911, 2928.5682980746697
0.922, 2838.6140224381124
0.933, 2843.517703158993
0.9440000000000001, 2781.426100695611
0.955, 2789.9884599043476
0.966, 2855.3423710135376
0.977, 2847.6291368586826
0.988, 2848.6904707311846
0.999, 21264.526476520303
0.9, 2811.502292104774
0.911, 2842.7525303909065
0.922, 2780.6526396130657
0.933, 2804.2903997109674
0.9440000000000001, 2837.865969347874
0.955, 2806.808722219074
0.966, 2966.7326987042215
0.977, 2875.5548727511955
0.988, 2794.7597361450776
0.999, 21506.579528003942
0.9, 2942.908452118733
0.911, 2801.0864892927834
0.922, 2861.2737769433775
0.933, 2778.5181930073413
0.9440000000000001, 2900.216530842709
0.955, 2884.182702284355
0.966, 2781.088462927627
0.977, 2792.423921303357
0.988, 2844.5506676690643
0.999, 21910.845984960954
0.9, 2810.479313489601
0.911, 2919.983306264918
0.922, 2877.9071562088266
0.933, 2824.086430663457
0.9440000000000001, 2814.317641497525
0.955, 2716.2869418859973
0.966, 2903.0800706753366
0.977, 2908.3362767884346
0.988, 2898.484457470069
0.999, 20425.42045211296
0.9, 2845.129857754132
0.911, 2830.687528901279
0.922, 2818.8029152201
0.933, 2818.3078480418417
0.9440000000000001, 2763.2068413837205
0.955, 2812.393737930308
0.966, 2921.1317791321458
0.977, 2837.8330827130685
0.988, 2771.8328990282753
0.999, 21474.371427047572
0.9, 2941.8448843464557
0.911, 2919.4948668270804
0.922, 2885.1359329685674
0.933, 2825.644076680333
0.9440000000000001, 2764.48905369866
0.955, 2860.800059296455
0.966, 2959.8299672626654
0.977, 2851.0696864597708
0.988, 2855.656949773062
0.999, 21500.991532082386
0.9, 2832.221689267821
0.911, 2879.153636899886
0.922, 2858.087188465461
0.933, 2838.3975604277257
0.9440000000000001, 2850.6003683669437
0.955, 2848.515701830717
0.966, 2886.470719001253
0.977, 2794.742475721505
0.988, 2837.825689189221
0.999, 21986.71825772718
0.9, 2873.395164406018
0.911, 2815.66754776732
0.922, 2939.000830694424
0.933, 3000.905997514034
0.9440000000000001, 2780.293089233975
0.955, 2852.8457607090304
0.966, 2778.4571527121216
0.977, 2936.8376766263586
0.988, 2813.694567610724
0.999, 21256.071371928963
0.9, 2906.145269788831
0.911, 2857.538949868993
0.922, 2911.6394677814983
0.933, 2788.4759895308835
0.9440000000000001, 2790.361132211876
0.955, 2900.3689971053454
0.966, 2909.074744803257
0.977, 2823.900800345415
0.988, 2798.4011109305197
0.999, 21201.150090292966
0.9, 2810.3309498934777
0.911, 2892.851302345422
0.922, 2963.6623012926534
0.933, 2802.4125163429376
0.9440000000000001, 2843.8678255206764
0.955, 2846.8095031298376
0.966, 2832.2686167293186
0.977, 2817.3824745275983
0.988, 2802.5197236983745
0.999, 21437.73407445764
0.9, 2738.232919459195
0.911, 2756.211637450477
0.922, 2777.6765289388377
0.933, 2781.8796831341756
0.9440000000000001, 2731.5063306012594
0.955, 2828.4776747143796
0.966, 2964.7259321809106
0.977, 2840.9822890061696
0.988, 2805.4038703794677
0.999, 21086.809534836608
0.9, 2863.7665122375847
0.911, 2829.847809129296
0.922, 2834.7057504982827
0.933, 2809.6080899877484
0.9440000000000001, 2958.7181738306663
0.955, 2862.8541227185906
0.966, 2925.554573206021
0.977, 2862.5142250092704
0.988, 2753.6228096842137
0.999, 23268.087840134773
0.9, 2873.5124938957324
0.911, 2884.8682668469523
0.922, 2826.7531515649653
0.933, 2886.0604654874683
0.9440000000000001, 2805.5868544864925
0.955, 2784.5090937548857
0.966, 2979.2563336927815
0.977, 2836.642824653544
0.988, 2773.135780409419
0.999, 21278.866589668778
0.9, 2840.1642664114943
0.911, 2810.2541561236117
0.922, 2765.8026572768495
0.933, 2884.0345185101605
0.9440000000000001, 2798.301930475601
0.955, 2789.502294274748
0.966, 2814.965331715433
0.977, 2869.1704169225786
0.988, 2890.6702085252036
0.999, 22870.584368334698
0.9, 2729.2552780601113
0.911, 2773.0515237266845
0.922, 2865.50397457959
0.933, 2798.1663922880916
0.9440000000000001, 2843.7349884454243
0.955, 2769.8963373589713
0.966, 2910.1167666127344
0.977, 2826.906366516865
0.988, 2820.536794640646
0.999, 20857.895965451495
0.9, 2836.0432237430923
0.911, 2913.9208464830563
0.922, 2842.212092650413
0.933, 2955.7427505474184
0.9440000000000001, 2883.7007446572543
0.955, 2872.2198572652655
0.966, 2940.301519537248
0.977, 2897.9657612371134
0.988, 2876.5764058895575
0.999, 21419.722824227574
0.9, 2838.5058052701606
0.911, 2810.5856878659024
0.922, 2859.5142601163234
0.933, 2916.6757024506815
0.9440000000000001, 2945.0607555816587
0.955, 2794.9785168611998
0.966, 2833.6608203232117
0.977, 2833.2188237422274
0.988, 2836.453498120638
0.999, 21026.115177239728
0.9, 2839.3847139143936
0.911, 2797.885315850335
0.922, 2756.6873600329413
0.933, 2837.9179132324825
0.9440000000000001, 2793.857790149494
0.966, 2753.155971472218
0.966, 2790.723649587634
0.966, 2784.650962694694
0.966, 2861.4966073916717
0.966, 2724.5167049363363
0.966, 2798.3469981945464
0.966, 2825.732411726852
0.966, 2817.9537598452516
0.966, 2869.979051524946
0.966, 2778.0179539896126
0.966, 2798.4429931515856
0.966, 2895.9859588042095
0.966, 2791.0589767728698
0.966, 2890.4677614238326
0.966, 2956.2922862438463
0.966, 2865.4829313223913
0.966, 2863.420491417512
0.966, 2862.3966740407864
0.966, 2854.7540028516028
0.966, 2816.033090020764
0.966, 2896.594119432673
0.966, 2782.8185112313963
0.966, 2942.725526849309
0.966, 2814.975770702436
0.966, 2863.3873749100203
0.966, 2804.8695797243035
0.966, 2847.787735822526
0.966, 2842.763274519294
0.966, 2778.2256140017475
0.966, 2874.053202870203
0.966, 2915.562394366449
0.966, 2842.6525386657554
0.966, 2968.1348536978203
0.966, 2974.180424699394
0.966, 2923.3807550240067
0.966, 2878.6739560315536
0.966, 2973.36268483369
0.966, 2814.9383407693417
0.966, 2844.489896651008
0.966, 2872.827184056469
0.966, 2904.7145338746714
0.966, 2706.485004377387
0.966, 2816.677527796687
0.966, 2792.8254134019458
0.966, 2816.862833917622
0.966, 2788.22352790768
0.966, 3008.2614621238804
0.966, 2869.5046594803957
0.966, 2857.170741805936
0.966, 2840.5404416205665
0.966, 2863.936588529373
0.966, 2883.797099185098
0.966, 2841.1148108009656
0.966, 2886.6294155143546
0.966, 2873.5832707967525
0.966, 2828.058178338389
0.966, 2705.032041015402
0.966, 2903.3879617376715
0.966, 2767.004852396277
0.966, 2919.166605139864
0.966, 2921.9970621548264
0.966, 2842.9776568855295
0.966, 2971.3412370969986
0.966, 2752.2672402480057
0.966, 2836.6383285935194
0.966, 2890.761088534076
0.966, 2845.7359393245047
0.966, 2868.2323200843034
0.966, 2885.287788936537
0.966, 2880.7872474528112
0.966, 2897.718685464683
0.966, 2925.7561614165047
0.966, 2926.1213079583217
0.966, 2940.4350920751963
0.966, 3004.9863996487466
0.966, 2760.759479208633
0.966, 2790.455061671868
0.966, 2814.801338560757
0.966, 2822.988557317957
0.966, 2797.1894951594218
0.966, 2842.16071674302
0.966, 2828.144602082889
0.966, 2756.563886760903
0.966, 2884.994071250861
0.966, 2796.0568485302556
0.966, 2753.9301101773376
0.966, 2797.9103711590815
0.966, 2846.8576218460134
0.966, 2735.7303425197383
0.966, 2877.622733740773
0.966, 2837.2962198182804
0.966, 2903.765955259128
0.966, 2831.2266828227102
0.966, 2881.1915476563377
0.966, 2838.2906245312683
0.966, 2859.0258403809903
0.966, 2799.3514732609738
0.966, 2839.8305412914174
0.966, 2970.948360076453
0.966, 2900.019976012836
0.966, 2928.5513408943957
0.966, 2845.810913709022
0.966, 2942.946954198597
0.966, 2835.158698595114
0.966, 2906.965149293774
0.966, 2730.5310874663974
0.966, 2963.4110430624532
0.966, 2888.3936175931676
0.966, 2866.3542590104453
0.966, 2774.393067708831
0.966, 2870.9410093666747
0.966, 2897.8245675422095
0.966, 2869.213460112008
0.966, 2875.595016623939
0.966, 2830.5463868968905
0.966, 2776.573993161995
0.966, 2929.2898545757553
0.966, 2736.4057016640363
0.966, 2892.619129417552
0.966, 2829.813300303822
0.966, 2880.95638830139
0.966, 2749.2540189327788
0.966, 2799.7487810474804
0.966, 2785.1292494159484
0.966, 2906.223544296103
0.966, 2840.939841220337
0.966, 2799.6718950995364
0.966, 2874.749946397868
0.966, 2777.895070260878
0.966, 2863.778653890358
0.966, 2873.9695141828856
0.966, 2795.294589962152
0.966, 2859.6065296168
0.966, 2866.4179776304177
0.966, 2756.6651222567248
0.966, 2885.2263959737566
0.966, 2751.885862508267
0.966, 2808.022511834463
0.966, 2781.7593991996337
0.966, 2833.265354812978
0.966, 2905.8926877728763
0.966, 2854.688383663338
0.966, 2765.255421428283
0.966, 2872.9597090655366
0.966, 2698.932593395244
0.966, 2783.801927119814
0.966, 2861.957151675469
0.966, 2897.7455051611314
0.966, 2782.397607206523
0.966, 2911.6873936260713
0.966, 2829.6348140751234
0.966, 2871.862692476807
0.966, 2860.2862299602807
0.966, 2828.389543713734
0.966, 2938.2724115752694
0.966, 2873.8771403392734
0.966, 2852.103521761285
0.966, 2844.2765271841404
0.966, 2797.452905789874
0.966, 2881.397429993029
0.966, 2800.7564703195585
0.966, 2926.2506743934778
0.966, 3036.4914630073977
0.966, 2907.304012899969
0.966, 2923.969284224923
0.966, 2737.127440935101
0.966, 2853.385515713198
0.966, 2932.8064085526125
0.966, 2872.769138396278
0.966, 2793.1068500049846
0.966, 2899.815160616279
0.966, 2928.4055778254365
0.966, 2890.847768668923
0.966, 2914.821984760919
0.966, 2786.5975491489908
0.966, 2888.3982452793844
0.966, 2765.6630808262753
0.966, 2861.4757214982674
0.966, 2778.335579285747
0.966, 2801.288514728011
0.966, 2853.0614847426205
0.966, 2794.8554681194546
0.966, 2852.4375549470133
0.966, 2799.6327989972756
0.966, 2819.100098402365
0.966, 2747.659376479694
0.966, 2760.393120878969
0.966, 2857.649706059435
0.966, 2851.651099445648
0.966, 2941.0939028261555
0.966, 2831.184459944912
0.966, 2905.598020422383
0.966, 2825.64003472654
0.966, 2848.8517626187117
0.966, 2862.268171634606
0.966, 2938.2281727605996
0.966, 2825.5474403136745
0.966, 2905.541879258181
0.966, 2772.826198547943
0.966, 2806.449145299184
0.966, 2826.217251469708
0.966, 2828.950390528576
0.966, 2898.178360141182
0.966, 2859.64639294842
0.966, 2796.167152556106
0.966, 2818.4765890897165
0.966, 2748.29755650141
0.966, 2817.2172028430455
0.966, 2851.693372515754
0.966, 2766.219015048246
0.966, 2836.5030311137693
0.966, 3007.408466624973
0.966, 2830.6051936903036
0.966, 2809.8624988287984
0.966, 2885.7349594426437
0.966, 2855.4505464377644
0.966, 2797.8805185620263
0.966, 2837.5492151153535
0.966, 2779.448058970396
0.966, 2853.8102794583906
0.966, 2789.7506395985897
0.966, 2880.5916001028827
0.966, 2866.2766524299323
0.966, 2847.001494241146
0.966, 2877.7721170523373
0.966, 2771.8947637309893
0.966, 2807.2168359392435
0.966, 2813.9613084798016
0.966, 2855.591527657496
0.966, 2841.8164074251113
0.966, 2808.5130513815348
0.966, 2878.1481824718326
0.966, 2856.820790303108
0.966, 2853.9117929340678
0.966, 2935.3305138133383
0.966, 2788.2524952510043
0.966, 2731.3113460123877
0.966, 2842.197024152095
0.966, 2838.2365229983066
0.966, 2740.7756972814946
0.966, 2755.3709609632156
0.966, 2829.099008023746
0.966, 2822.646187542582
0.966, 2839.8843899720778
0.966, 2815.008782949269
0.966, 2774.3426785806305
0.966, 2804.666864562699
0.966, 2815.397872402958
0.966, 2840.615915455023
0.966, 2803.4648471548358
0.966, 2863.87933832981
0.966, 2875.4269526944067
0.966, 2778.9927425961414
0.966, 2896.9911872289235
0.966, 2838.2840220399603
0.966, 2786.5209508960834
0.966, 2896.2577325126163
0.966, 2905.636536552254
0.966, 2871.877042722894
0.966, 2839.5376717318622
0.966, 2795.7901212837946
0.966, 2882.1042755582475
0.966, 2792.3218445699613
0.966, 2797.7939397821883
0.966, 2831.1236985482465
0.966, 2850.8497299155893
0.966, 2932.217594430392
0.966, 2873.973914817201
0.966, 2886.8110624162514
0.966, 2885.710494185347
0.966, 2797.1695856705423
0.966, 2798.5302252896463
0.966, 2788.4957076680935
0.966, 2723.498792373876
0.966, 2816.3302102411117
0.966, 2847.0846256399823
0.966, 2791.5140131017356
0.966, 2829.110639480018
0.966, 2874.9628491890026
0.966, 2891.4377059062895
0.966, 2744.5494349911505
0.966, 2882.524662227039
0.966, 2742.9996884921147
0.966, 2756.631424260686
0.966, 2782.2421919737267
0.966, 2822.9979917170226
0.966, 2741.4946070003043
0.966, 2853.7890516868893
0.966, 2807.5953207552234
0.966, 2781.692848584018
0.966, 2813.6325918422776
0.966, 2833.338286694634
0.966, 2814.681721837937
0.966, 2776.0760098660685
0.966, 2899.2800387996876
0.966, 2853.6075522058163
0.966, 2823.0447556340114
0.966, 2894.583491411118
0.966, 2850.357604291479
0.966, 2794.568647768167
0.966, 2798.046751362298
0.966, 2794.3890080870124
0.966, 2877.9100483522657
0.966, 2861.774262462502
0.966, 2777.1769544217113
0.966, 2745.3613247036774
0.966, 2863.5580294381857
0.966, 2805.1477151408735
0.966, 2816.7243956965076
0.966, 2912.9879828148714
0.966, 2807.0972200393417
0.966, 2934.2272092284043
0.966, 2823.509144678014
0.966, 2838.7062823777833
0.966, 2840.9528989936857
0.966, 2835.6396081555145
0.966, 2834.152842221271
0.966, 2772.1598529291396
0.966, 2828.585227613092
0.966, 2951.1583158295157
0.966, 3004.773790064288
0.966, 2827.376890861116
0.966, 2873.540292191975
0.966, 2850.652425962835
0.966, 2896.347853964658
0.966, 2794.250610255318
0.966, 2894.094837401542
0.966, 2818.8041229468245
0.966, 2747.685844624509
0.966, 2844.910863974
0.966, 2877.76701250896
0.966, 2935.71082183729
0.966, 2877.389774665316
0.966, 2885.9475695864694
0.966, 2941.3238745874824
0.966, 2749.3157331095126
0.966, 2962.815002704307
0.966, 2833.4600971360032
0.966, 2807.4416641236694
0.966, 2811.5103573414335
0.966, 2753.4836085552083
0.966, 2817.634640650697
