NAME : ./TSPLIB/a280.tsp.optbc.tour
COMMENT : Optimal tour for a280.tsp
TYPE : TOUR
DIMENSION : 280
TOUR_SECTION
163
162
161
175
160
159
158
157
119
120
121
122
124
31
32
33
34
36
38
37
50
49
51
52
53
48
47
54
55
46
45
44
59
58
57
56
68
69
67
70
71
72
66
65
64
63
61
60
43
42
41
40
39
35
123
125
30
126
127
29
28
27
26
22
25
23
15
9
7
8
10
11
12
13
14
24
18
133
134
135
270
269
136
268
267
266
265
264
263
262
261
257
255
252
209
208
253
254
206
207
212
214
213
216
215
218
219
220
217
205
204
203
144
143
142
141
140
149
150
137
138
139
148
147
146
145
199
198
196
195
194
197
201
200
202
221
222
223
224
225
226
211
210
228
227
234
236
235
233
229
230
251
231
232
237
238
239
246
240
245
244
241
243
242
2
1
280
3
279
248
247
250
249
256
258
259
260
277
278
4
5
6
276
275
274
273
272
271
16
17
19
20
132
131
130
21
128
129
154
155
153
156
152
151
178
177
176
181
179
180
182
183
184
185
187
186
193
192
191
190
188
189
166
172
171
174
107
108
90
109
112
113
87
84
85
86
116
62
118
117
115
114
111
110
173
106
105
104
103
92
91
80
81
89
82
88
83
73
74
75
76
79
77
78
95
96
94
97
93
98
99
100
101
102
169
170
168
167
165
164
